#time	id	x[m]	y[m]	speed[m/s]	heading	acc[m/s^2]
7.00	10622	663.30	0.00	15.52		0.00	-0.18
7.00	10623	633.00	1.00	16.53		0.00	0.31
7.00	10624	598.10	2.00	16.36		0.00	-0.07
7.00	10639	566.46	2.00	14.81		0.00	0.03
7.00	10625	559.10	0.00	15.36		0.00	-0.16
7.00	10626	526.10	1.00	15.64		0.00	-0.30
7.00	10627	491.28	2.00	15.66		0.00	-0.03
7.00	10628	455.70	0.00	15.51		0.00	-0.25
7.00	10629	420.64	1.00	15.28		0.00	0.07
7.00	10630	390.56	2.00	16.53		0.00	0.11
7.00	10631	350.95	0.00	15.07		0.00	-0.10
7.00	10632	318.21	1.00	15.66		0.00	-0.23
7.00	10633	286.26	2.00	16.31		0.00	-0.11
7.00	10634	247.91	0.00	15.42		0.00	-0.18
7.00	10635	216.02	1.00	15.94		0.00	-0.21
7.00	10636	178.41	2.00	15.30		0.00	-0.10
7.00	10637	142.99	0.00	15.01		0.00	-0.29
7.00	10638	110.92	1.00	15.48		0.00	-0.21
7.00	10656	84.19	2.00	13.80		0.00	0.18
7.00	10732	43.66	0.00	13.21		0.00	0.11
7.00	10814	2.50	1.00	12.50		0.00	0.00
8.00	10622	678.73	0.00	15.36		0.00	-0.27
8.00	10623	649.59	1.00	16.63		0.00	-0.08
8.00	10624	614.55	2.00	16.52		0.00	0.14
8.00	10639	581.24	2.00	14.81		0.00	0.23
8.00	10625	574.42	0.00	15.24		0.00	-0.31
8.00	10626	541.70	1.00	15.57		0.00	-0.31
8.00	10627	506.85	2.00	15.44		0.00	-0.33
8.00	10628	471.11	0.00	15.38		0.00	0.02
8.00	10629	435.92	1.00	15.29		0.00	0.05
8.00	10630	407.06	2.00	16.41		0.00	-0.19
8.00	10631	366.00	0.00	14.98		0.00	-0.14
8.00	10632	333.87	1.00	15.69		0.00	0.20
8.00	10633	302.51	2.00	16.20		0.00	-0.10
8.00	10634	263.30	0.00	15.35		0.00	-0.01
8.00	10635	231.90	1.00	15.92		0.00	0.22
8.00	10636	193.69	2.00	15.26		0.00	0.05
8.00	10637	157.97	0.00	15.00		0.00	0.12
8.00	10638	126.34	1.00	15.38		0.00	-0.15
8.00	10656	98.06	2.00	13.94		0.00	0.21
8.00	10732	56.94	0.00	13.40		0.00	0.35
8.00	10814	14.97	1.00	12.43		0.00	-0.15
9.00	10622	694.04	0.00	15.25		0.00	-0.03
9.00	10623	666.19	1.00	16.65		0.00	0.29
9.00	10624	631.10	2.00	16.56		0.00	0.08
9.00	10639	596.03	2.00	14.80		0.00	0.03
9.00	10625	589.64	0.00	15.13		0.00	-0.34
9.00	10626	557.24	1.00	15.50		0.00	-0.20
9.00	10627	522.20	2.00	15.31		0.00	0.13
9.00	10640	488.05	3.00	12.84		0.00	-0.75
9.00	10628	486.42	0.00	15.28		0.00	0.16
9.00	10629	451.24	1.00	15.32		0.00	0.03
9.00	10630	423.56	2.00	16.55		0.00	0.06
9.00	10631	380.91	0.00	14.83		0.00	-0.03
9.00	10632	349.55	1.00	15.67		0.00	-0.13
9.00	10633	318.71	2.00	16.22		0.00	0.04
9.00	10634	278.58	0.00	15.17		0.00	-0.30
9.00	10635	247.75	1.00	15.80		0.00	-0.01
9.00	10636	208.91	2.00	15.20		0.00	0.16
9.00	10637	172.90	0.00	14.89		0.00	-0.09
9.00	10638	141.66	1.00	15.26		0.00	0.09
9.00	10656	112.09	2.00	14.12		0.00	0.16
9.00	10732	70.44	0.00	13.59		0.00	0.07
9.00	10814	27.31	1.00	12.25		0.00	-0.16
10.00	10623	682.92	1.00	16.73		0.00	-0.13
10.00	10624	647.66	2.00	16.54		0.00	-0.02
10.00	10639	610.81	2.00	14.82		0.00	0.24
10.00	10625	604.69	0.00	15.07		0.00	0.11
10.00	10626	572.68	1.00	15.39		0.00	-0.20
10.00	10627	537.48	2.00	15.22		0.00	-0.32
10.00	10628	501.66	0.00	15.16		0.00	-0.20
10.00	10640	500.86	2.88	12.79		-0.02	-0.24
10.00	10629	466.54	1.00	15.25		0.00	-0.08
10.00	10630	440.01	2.00	16.35		0.00	-0.23
10.00	10631	395.69	0.00	14.75		0.00	-0.06
10.00	10632	365.11	1.00	15.49		0.00	0.06
10.00	10633	334.95	2.00	16.29		0.00	0.10
10.00	10634	293.75	0.00	15.16		0.00	-0.10
10.00	10635	263.56	1.00	15.78		0.00	-0.08
10.00	10636	224.07	2.00	15.09		0.00	-0.18
10.00	10637	187.70	0.00	14.74		0.00	0.09
10.00	10638	156.89	1.00	15.17		0.00	-0.33
10.00	10656	126.27	2.00	14.25		0.00	0.03
10.00	10732	84.10	0.00	13.76		0.00	0.32
10.00	10814	39.56	1.00	12.25		0.00	0.07
11.00	10624	664.24	2.00	16.60		0.00	0.22
11.00	10639	625.69	2.00	14.92		0.00	-0.02
11.00	10625	619.75	0.00	15.03		0.00	0.13
11.00	10626	588.03	1.00	15.30		0.00	-0.09
11.00	10627	552.68	2.00	15.14		0.00	-0.28
11.00	10628	516.72	0.00	14.95		0.00	-0.14
11.00	10640	513.70	2.50	12.82		-0.04	-0.21
11.00	10629	481.65	1.00	15.01		0.00	-0.10
11.00	10630	456.21	2.00	16.05		0.00	-0.33
11.00	10631	410.30	0.00	14.54		0.00	-0.22
11.00	10632	380.57	1.00	15.44		0.00	-0.12
11.00	10633	351.24	2.00	16.29		0.00	-0.15
11.00	10634	308.84	0.00	15.09		0.00	0.08
11.00	10635	279.38	1.00	15.88		0.00	0.22
11.00	10636	239.15	2.00	15.04		0.00	-0.23
11.00	10637	202.41	0.00	14.74		0.00	0.06
11.00	10638	172.06	1.00	15.13		0.00	0.16
11.00	10656	140.54	2.00	14.33		0.00	0.14
11.00	10732	97.87	0.00	13.79		0.00	-0.01
11.00	10814	51.82	1.00	12.24		0.00	-0.12
11.00	10915	2.50	2.00	12.50		0.00	0.00
12.00	10624	680.90	2.00	16.68		0.00	-0.01
12.00	10639	640.71	2.00	15.10		0.00	0.12
12.00	10625	634.70	0.00	14.91		0.00	-0.07
12.00	10626	603.26	1.00	15.19		0.00	-0.02
12.00	10627	567.80	2.00	15.06		0.00	-0.30
12.00	10628	531.62	0.00	14.84		0.00	-0.25
12.00	10640	526.61	2.13	12.93		-0.02	-0.15
12.00	10629	496.57	1.00	14.83		0.00	-0.22
12.00	10630	472.21	2.00	15.88		0.00	-0.35
12.00	10631	424.78	0.00	14.47		0.00	0.00
12.00	10632	396.01	1.00	15.37		0.00	-0.20
12.00	10633	367.49	2.00	16.17		0.00	-0.22
12.00	10634	323.88	0.00	15.01		0.00	-0.03
12.00	10635	295.26	1.00	15.87		0.00	0.05
12.00	10636	254.13	2.00	14.86		0.00	-0.27
12.00	10637	217.10	0.00	14.64		0.00	-0.16
12.00	10638	187.15	1.00	15.02		0.00	-0.10
12.00	10656	154.93	2.00	14.48		0.00	0.10
12.00	10732	111.68	0.00	13.81		0.00	-0.03
12.00	10814	64.07	1.00	12.24		0.00	0.04
12.00	10915	14.95	2.00	12.44		0.00	0.12
13.00	10639	655.88	2.00	15.21		0.00	0.19
13.00	10625	649.60	0.00	14.80		0.00	-0.22
13.00	10626	618.43	1.00	15.14		0.00	-0.03
13.00	10627	582.78	2.00	14.91		0.00	-0.24
13.00	10628	546.43	0.00	14.75		0.00	-0.06
13.00	10640	539.56	2.00	13.00		0.00	0.18
13.00	10629	511.35	1.00	14.74		0.00	-0.16
13.00	10630	488.03	2.00	15.71		0.00	-0.51
13.00	10631	439.22	0.00	14.39		0.00	-0.32
13.00	10632	411.30	1.00	15.30		0.00	0.03
13.00	10633	383.67	2.00	16.19		0.00	-0.02
13.00	10634	338.89	0.00	14.99		0.00	0.00
13.00	10635	311.16	1.00	15.92		0.00	0.11
13.00	10636	268.95	2.00	14.74		0.00	-0.20
13.00	10637	231.65	0.00	14.50		0.00	-0.09
13.00	10638	202.09	1.00	14.90		0.00	0.00
13.00	10656	169.49	2.00	14.64		0.00	0.08
13.00	10732	125.59	0.00	14.03		0.00	0.29
13.00	10814	76.25	1.00	12.13		0.00	-0.23
13.00	10915	27.35	2.00	12.32		0.00	-0.06
14.00	10639	671.16	2.00	15.37		0.00	0.21
14.00	10625	664.34	0.00	14.73		0.00	0.10
14.00	10626	633.52	1.00	15.04		0.00	-0.10
14.00	10627	597.65	2.00	14.78		0.00	-0.28
14.00	10628	561.18	0.00	14.75		0.00	0.13
14.00	10640	552.56	2.00	13.06		0.00	0.20
14.00	10629	526.06	1.00	14.71		0.00	0.11
14.00	10630	503.68	2.00	15.55		0.00	-0.01
14.00	10631	453.55	0.00	14.26		0.00	-0.26
14.00	10632	426.55	1.00	15.19		0.00	-0.16
14.00	10633	399.85	2.00	16.21		0.00	0.12
14.00	10634	353.88	0.00	14.99		0.00	0.10
14.00	10635	327.03	1.00	15.80		0.00	-0.13
14.00	10636	283.73	2.00	14.79		0.00	-0.08
14.00	10637	246.09	0.00	14.40		0.00	0.00
14.00	10638	216.95	1.00	14.85		0.00	0.13
14.00	10656	184.21	2.00	14.76		0.00	0.29
14.00	10732	139.69	0.00	14.19		0.00	0.32
14.00	10814	88.39	1.00	12.13		0.00	0.16
14.00	10915	39.57	2.00	12.12		0.00	-0.31
15.00	10639	686.59	2.00	15.52		0.00	0.32
15.00	10625	679.01	0.00	14.66		0.00	-0.01
15.00	10626	648.53	1.00	15.01		0.00	-0.05
15.00	10627	612.37	2.00	14.71		0.00	-0.03
15.00	10628	575.89	0.00	14.69		0.00	-0.12
15.00	10640	565.62	2.00	13.09		0.00	0.11
15.00	10629	540.75	1.00	14.64		0.00	-0.08
15.00	10630	519.13	2.00	15.41		0.00	-0.03
15.00	10631	467.75	0.00	14.19		0.00	0.13
15.00	10632	441.72	1.00	15.20		0.00	-0.05
15.00	10633	416.00	2.00	16.12		0.00	-0.04
15.00	10634	368.81	0.00	14.91		0.00	0.02
15.00	10635	342.81	1.00	15.81		0.00	0.15
15.00	10636	298.54	2.00	14.75		0.00	-0.29
15.00	10637	260.46	0.00	14.31		0.00	-0.09
15.00	10638	231.75	1.00	14.73		0.00	-0.13
15.00	10656	198.97	2.00	14.75		0.00	-0.03
15.00	10732	153.93	0.00	14.32		0.00	0.23
15.00	10814	100.47	1.00	12.09		0.00	0.24
15.00	10915	51.67	2.00	12.09		0.00	-0.05
15.00	10996	12.52	0.00	12.55		0.00	-0.07
16.00	10625	693.59	0.00	14.58		0.00	0.08
16.00	10626	663.50	1.00	14.97		0.00	0.00
16.00	10627	627.08	2.00	14.69		0.00	-0.18
16.00	10628	590.51	0.00	14.59		0.00	0.09
16.00	10640	578.68	2.00	13.08		0.00	0.14
16.00	10629	555.42	1.00	14.65		0.00	-0.31
16.00	10630	534.44	2.00	15.16		0.00	-0.49
16.00	10631	481.87	0.00	14.03		0.00	-0.27
16.00	10632	456.94	1.00	15.21		0.00	-0.08
16.00	10633	432.10	2.00	16.11		0.00	0.09
16.00	10634	383.72	0.00	14.94		0.00	0.16
16.00	10635	358.57	1.00	15.75		0.00	-0.07
16.00	10636	313.25	2.00	14.71		0.00	0.17
16.00	10637	274.76	0.00	14.31		0.00	0.07
16.00	10638	246.45	1.00	14.63		0.00	-0.18
16.00	10656	213.74	2.00	14.84		0.00	0.00
16.00	10732	168.26	0.00	14.36		0.00	0.08
16.00	10814	112.56	1.00	12.09		0.00	0.13
16.00	10915	63.76	2.00	12.09		0.00	-0.16
16.00	10996	25.12	0.00	12.69		0.00	0.21
17.00	10626	678.46	1.00	14.97		0.00	0.20
17.00	10627	641.77	2.00	14.72		0.00	0.12
17.00	10628	605.11	0.00	14.55		0.00	-0.14
17.00	10640	591.73	2.00	13.02		0.00	-0.13
17.00	10629	569.97	1.00	14.48		0.00	-0.05
17.00	10630	549.48	2.00	14.91		0.00	-0.13
17.00	10631	495.91	0.00	14.06		0.00	0.10
17.00	10778	493.68	2.96	11.49		-0.01	-0.14
17.00	10632	472.15	1.00	15.16		0.00	-0.16
17.00	10633	448.11	2.00	15.71		0.00	-0.61
17.00	10634	398.68	0.00	14.90		0.00	-0.23
17.00	10635	374.28	1.00	15.68		0.00	-0.13
17.00	10636	327.90	2.00	14.55		0.00	-0.27
17.00	10637	289.02	0.00	14.16		0.00	-0.31
17.00	10638	261.04	1.00	14.59		0.00	-0.03
17.00	10656	228.64	2.00	14.92		0.00	-0.10
17.00	10732	182.70	0.00	14.51		0.00	0.30
17.00	10814	124.60	1.00	12.02		0.00	-0.03
17.00	10915	75.77	2.00	11.99		0.00	-0.01
17.00	10996	37.81	0.00	12.71		0.00	-0.09
17.00	11057	7.52	1.00	12.57		0.00	0.12
18.00	10626	693.39	1.00	14.91		0.00	0.01
18.00	10627	656.46	2.00	14.58		0.00	-0.21
18.00	10628	619.62	0.00	14.56		0.00	0.22
18.00	10640	604.76	2.00	13.02		0.00	0.05
18.00	10629	584.41	1.00	14.39		0.00	-0.32
18.00	10630	564.34	2.00	14.76		0.00	-0.16
18.00	10631	509.93	0.00	14.01		0.00	-0.15
18.00	10778	505.12	2.68	11.42		-0.04	0.04
18.00	10632	487.31	1.00	15.16		0.00	0.02
18.00	10633	463.45	2.00	15.01		0.00	-0.46
18.00	10634	413.57	0.00	14.89		0.00	0.01
18.00	10635	389.97	1.00	15.65		0.00	-0.19
18.00	10636	342.43	2.00	14.47		0.00	-0.06
18.00	10637	303.08	0.00	14.01		0.00	-0.05
18.00	10638	275.55	1.00	14.46		0.00	-0.18
18.00	10656	243.63	2.00	14.99		0.00	-0.04
18.00	10732	197.28	0.00	14.62		0.00	-0.05
18.00	10814	136.64	1.00	12.08		0.00	0.06
18.00	10915	87.78	2.00	12.00		0.00	-0.09
18.00	10996	50.59	0.00	12.86		0.00	0.22
18.00	11057	20.15	1.00	12.63		0.00	-0.04
19.00	10627	671.02	2.00	14.56		0.00	0.11
19.00	10628	634.15	0.00	14.53		0.00	0.04
19.00	10640	617.76	2.00	12.96		0.00	-0.12
19.00	10629	598.77	1.00	14.30		0.00	-0.30
19.00	10630	579.01	2.00	14.55		0.00	-0.20
19.00	10631	523.89	0.00	13.88		0.00	0.06
19.00	10778	516.47	2.25	11.34		-0.03	0.05
19.00	10632	502.43	1.00	15.06		0.00	-0.03
19.00	10633	478.15	2.00	14.42		0.00	-0.37
19.00	10634	428.37	0.00	14.71		0.00	-0.28
19.00	10635	405.66	1.00	15.73		0.00	0.18
19.00	10636	356.88	2.00	14.39		0.00	-0.29
19.00	10637	317.07	0.00	13.89		0.00	-0.31
19.00	10638	290.03	1.00	14.46		0.00	-0.22
19.00	10656	258.57	2.00	14.91		0.00	0.05
19.00	10732	211.95	0.00	14.67		0.00	-0.14
19.00	10814	148.72	1.00	12.10		0.00	0.23
19.00	10915	99.71	2.00	11.83		0.00	-0.20
19.00	10996	63.51	0.00	12.99		0.00	0.01
19.00	11057	32.81	1.00	12.68		0.00	-0.00
20.00	10627	685.59	2.00	14.55		0.00	-0.03
20.00	10628	648.65	0.00	14.48		0.00	-0.11
20.00	10640	630.74	2.00	12.94		0.00	-0.18
20.00	10629	613.00	1.00	14.18		0.00	0.00
20.00	10630	593.45	2.00	14.31		0.00	-0.27
20.00	10631	537.78	0.00	13.81		0.00	-0.18
20.00	10778	527.84	2.02	11.41		-0.01	-0.03
20.00	10632	517.48	1.00	15.06		0.00	0.13
20.00	10633	492.31	2.00	13.92		0.00	-0.51
20.00	10634	442.99	0.00	14.56		0.00	-0.31
20.00	10635	421.38	1.00	15.74		0.00	0.07
20.00	10636	371.22	2.00	14.25		0.00	-0.10
20.00	10637	330.98	0.00	13.87		0.00	-0.24
20.00	10638	304.52	1.00	14.51		0.00	0.16
20.00	10656	273.52	2.00	14.97		0.00	-0.13
20.00	10732	226.69	0.00	14.83		0.00	0.12
20.00	10814	160.80	1.00	12.12		0.00	0.15
20.00	10915	111.50	2.00	11.72		0.00	-0.07
20.00	10996	76.58	0.00	13.08		0.00	-0.03
20.00	11057	45.51	1.00	12.72		0.00	0.03
21.00	10628	663.10	0.00	14.45		0.00	0.04
21.00	10640	643.72	2.00	12.98		0.00	-0.19
21.00	10629	627.18	1.00	14.17		0.00	-0.02
21.00	10630	607.70	2.00	14.15		0.00	-0.29
21.00	10631	551.52	0.00	13.71		0.00	-0.01
21.00	10778	539.29	2.00	11.47		0.00	-0.10
21.00	10632	532.54	1.00	15.07		0.00	0.11
21.00	10633	505.98	2.00	13.49		0.00	-0.23
21.00	10634	457.48	0.00	14.47		0.00	-0.07
21.00	10635	437.16	1.00	15.78		0.00	0.02
21.00	10636	385.38	2.00	14.08		0.00	-0.06
21.00	10637	344.80	0.00	13.76		0.00	-0.11
21.00	10638	319.02	1.00	14.46		0.00	-0.18
21.00	10656	288.61	2.00	15.18		0.00	0.10
21.00	10732	241.51	0.00	14.85		0.00	-0.01
21.00	10814	172.90	1.00	12.11		0.00	0.07
21.00	10915	123.17	2.00	11.57		0.00	-0.26
21.00	10996	89.73	0.00	13.21		0.00	0.06
21.00	11057	58.20	1.00	12.68		0.00	-0.18
21.00	11163	5.01	2.00	12.56		0.00	0.31
22.00	10628	677.53	0.00	14.44		0.00	0.15
22.00	10640	656.68	2.00	12.93		0.00	-0.19
22.00	10629	641.37	1.00	14.21		0.00	0.14
22.00	10630	621.81	2.00	14.07		0.00	-0.12
22.00	10631	565.21	0.00	13.67		0.00	0.01
22.00	10778	550.82	2.00	11.57		0.00	0.17
22.00	10632	547.67	1.00	15.15		0.00	-0.14
22.00	10633	519.29	2.00	13.25		0.00	0.14
22.00	10634	471.96	0.00	14.49		0.00	0.08
22.00	10635	452.94	1.00	15.76		0.00	-0.22
22.00	10636	399.42	2.00	14.03		0.00	-0.18
22.00	10637	358.55	0.00	13.70		0.00	-0.07
22.00	10638	333.45	1.00	14.38		0.00	-0.16
22.00	10656	303.87	2.00	15.29		0.00	-0.16
22.00	10732	256.35	0.00	14.88		0.00	0.21
22.00	10814	185.04	1.00	12.15		0.00	-0.04
22.00	10915	134.72	2.00	11.57		0.00	0.15
22.00	10996	102.99	0.00	13.37		0.00	0.25
22.00	11057	70.95	1.00	12.75		0.00	-0.15
22.00	11163	17.63	2.00	12.66		0.00	0.20
23.00	10628	691.95	0.00	14.42		0.00	0.08
23.00	10640	669.63	2.00	12.90		0.00	-0.25
23.00	10629	655.52	1.00	14.08		0.00	-0.23
23.00	10630	635.77	2.00	13.83		0.00	-0.12
23.00	10631	578.86	0.00	13.60		0.00	-0.17
23.00	10632	562.81	1.00	15.13		0.00	0.01
23.00	10778	562.38	2.00	11.52		0.00	0.05
23.00	10633	532.57	1.92	13.33		-0.01	0.09
23.00	10634	486.46	0.00	14.45		0.00	-0.27
23.00	10635	468.54	1.00	15.46		0.00	-0.32
23.00	10636	413.46	2.00	14.03		0.00	-0.04
23.00	10637	372.20	0.00	13.57		0.00	-0.05
23.00	10638	347.80	1.00	14.29		0.00	-0.30
23.00	10656	319.22	2.00	15.44		0.00	0.26
23.00	10732	271.28	0.00	15.01		0.00	0.17
23.00	10814	197.21	1.00	12.10		0.00	-0.20
23.00	10915	146.21	2.00	11.48		0.00	0.10
23.00	10996	116.44	0.00	13.46		0.00	-0.16
23.00	11057	83.76	1.00	12.89		0.00	0.19
23.00	11163	30.40	2.00	12.84		0.00	-0.01
23.00	11219	2.50	0.00	12.50		0.00	0.00
24.00	10640	682.50	2.00	12.81		0.00	0.00
24.00	10629	669.55	1.00	14.01		0.00	-0.16
24.00	10630	649.54	2.00	13.75		0.00	-0.05
24.00	10631	592.42	0.00	13.50		0.00	-0.08
24.00	10632	577.89	1.00	15.05		0.00	-0.06
24.00	10778	573.88	2.00	11.50		0.00	-0.03
24.00	10633	546.01	1.60	13.53		-0.03	0.20
24.00	10634	500.90	0.00	14.39		0.00	-0.07
24.00	10635	483.91	1.00	15.34		0.00	0.08
24.00	10636	427.43	2.00	13.93		0.00	-0.02
24.00	10637	385.71	0.00	13.46		0.00	0.12
24.00	10638	362.09	1.00	14.29		0.00	-0.02
24.00	10656	334.70	2.00	15.49		0.00	-0.11
24.00	10732	286.35	0.00	15.10		0.00	0.02
24.00	10814	209.24	1.00	11.98		0.00	-0.05
24.00	10915	157.67	2.00	11.41		0.00	-0.17
24.00	10996	129.96	0.00	13.63		0.00	0.24
24.00	11057	96.68	1.00	12.88		0.00	-0.09
24.00	11163	43.39	2.00	13.06		0.00	-0.02
24.00	11219	15.10	0.00	12.69		0.00	0.22
25.00	10629	683.52	1.00	13.91		0.00	-0.30
25.00	10630	663.18	2.00	13.54		0.00	-0.07
25.00	10631	605.91	0.00	13.52		0.00	0.12
25.00	10632	592.94	1.00	15.06		0.00	-0.10
25.00	10778	585.34	2.00	11.42		0.00	-0.21
25.00	10633	559.63	1.18	13.64		-0.02	-0.10
25.00	10634	515.25	0.00	14.35		0.00	0.01
25.00	10635	499.19	1.00	15.21		0.00	-0.27
25.00	10636	441.31	2.00	13.82		0.00	-0.14
25.00	10637	399.09	0.00	13.35		0.00	0.02
25.00	10638	376.37	1.00	14.30		0.00	-0.00
25.00	10656	350.24	2.00	15.56		0.00	0.04
25.00	10732	301.43	0.00	15.06		0.00	-0.06
25.00	10814	221.23	1.00	11.96		0.00	-0.05
25.00	10915	169.07	2.00	11.41		0.00	0.07
25.00	10996	143.66	0.00	13.79		0.00	0.26
25.00	11057	109.54	1.00	12.91		0.00	0.17
25.00	11163	56.50	2.00	13.20		0.00	0.25
25.00	11219	27.89	0.00	12.89		0.00	0.27
26.00	10630	676.88	2.00	13.84		0.00	0.47
26.00	10631	619.37	0.00	13.47		0.00	0.02
26.00	10632	607.99	1.00	15.04		0.00	0.12
26.00	10778	596.75	2.00	11.39		0.00	-0.07
26.00	10633	573.32	1.00	13.73		-0.00	-0.04
26.00	10634	529.62	0.00	14.38		0.00	0.02
26.00	10635	514.30	1.00	15.08		0.00	0.08
26.00	10636	455.11	2.00	13.76		0.00	0.00
26.00	10637	412.35	0.00	13.16		0.00	-0.25
26.00	10638	390.70	1.00	14.30		0.00	-0.24
26.00	10656	365.79	2.00	15.51		0.00	-0.18
26.00	10732	316.49	0.00	15.06		0.00	-0.12
26.00	10814	233.24	1.00	12.02		0.00	-0.07
26.00	10915	180.43	2.00	11.28		0.00	-0.14
26.00	10996	157.49	0.00	13.80		0.00	-0.02
26.00	11057	122.52	1.00	13.00		0.00	-0.10
26.00	11163	69.77	2.00	13.33		0.00	0.08
26.00	11219	40.81	0.00	12.99		0.00	0.17
27.00	10630	690.84	2.00	14.03		0.00	0.01
27.00	10631	632.80	0.00	13.40		0.00	0.13
27.00	10632	622.96	1.00	14.94		0.00	-0.03
27.00	10778	608.14	2.00	11.31		0.00	-0.20
27.00	10633	587.09	1.00	13.81		0.00	0.21
27.00	10634	543.94	0.00	14.30		0.00	0.07
27.00	10635	529.30	1.00	14.97		0.00	-0.11
27.00	10636	468.83	2.00	13.73		0.00	0.05
27.00	10637	425.44	0.00	13.06		0.00	-0.13
27.00	10638	404.95	1.00	14.24		0.00	-0.11
27.00	10656	381.34	2.00	15.55		0.00	0.06
27.00	10732	331.60	0.00	15.16		0.00	0.08
27.00	10814	245.21	1.00	11.94		0.00	-0.13
27.00	10915	191.74	2.00	11.34		0.00	0.22
27.00	10996	171.33	0.00	13.91		0.00	0.23
27.00	11057	135.50	1.00	12.89		0.00	-0.21
27.00	11163	83.19	2.00	13.50		0.00	0.36
27.00	11219	53.88	0.00	13.07		0.00	-0.05
28.00	10631	646.20	0.00	13.37		0.00	-0.01
28.00	10632	637.92	1.00	14.93		0.00	-0.14
28.00	10778	619.53	2.00	11.46		0.00	0.13
28.00	10633	600.92	1.00	13.85		0.00	-0.13
28.00	10634	558.24	0.00	14.25		0.00	-0.25
28.00	10635	544.23	1.00	14.83		0.00	-0.28
28.00	10636	482.55	2.00	13.73		0.00	-0.07
28.00	10637	438.49	0.00	13.00		0.00	-0.29
28.00	10638	419.14	1.00	14.11		0.00	-0.22
28.00	10656	396.90	2.00	15.60		0.00	0.03
28.00	10732	346.78	0.00	15.21		0.00	-0.00
28.00	10814	257.18	1.00	11.97		0.00	0.02
28.00	10915	203.02	2.00	11.31		0.00	0.18
28.00	10996	185.22	0.00	13.94		0.00	0.16
28.00	11057	148.30	1.00	12.72		0.00	-0.17
28.00	11163	96.71	2.00	13.60		0.00	0.26
28.00	11219	67.03	0.00	13.24		0.00	0.26
28.00	11330	10.04	1.00	12.66		0.00	0.33
29.00	10631	659.56	0.00	13.37		0.00	0.14
29.00	10632	652.85	1.00	14.90		0.00	0.02
29.00	10778	630.96	2.00	11.39		0.00	-0.11
29.00	10633	614.85	1.00	13.97		0.00	0.23
29.00	10634	572.41	0.00	14.12		0.00	0.01
29.00	10635	559.03	1.00	14.77		0.00	-0.07
29.00	10636	496.29	2.00	13.69		0.00	-0.23
29.00	10637	451.43	0.00	12.90		0.00	0.03
29.00	10638	433.18	1.00	13.93		0.00	-0.17
29.00	10656	412.50	2.00	15.60		0.00	0.22
29.00	10732	362.08	0.00	15.39		0.00	0.16
29.00	10814	269.10	1.00	11.89		0.00	0.14
29.00	10915	214.35	2.00	11.36		0.00	0.13
29.00	10996	199.24	0.00	14.11		0.00	0.13
29.00	11057	161.01	1.00	12.68		0.00	-0.12
29.00	11163	110.32	2.00	13.65		0.00	0.24
29.00	11219	80.39	0.00	13.46		0.00	0.24
29.00	11330	22.80	1.00	12.80		0.00	-0.03
30.00	10631	672.90	0.00	13.30		0.00	-0.14
30.00	10632	667.72	1.00	14.86		0.00	-0.10
30.00	10778	642.31	2.00	11.31		0.00	0.03
30.00	10633	628.86	1.00	14.05		0.00	-0.05
30.00	10634	586.43	0.00	13.95		0.00	-0.11
30.00	10635	573.71	1.00	14.62		0.00	0.14
30.00	10636	510.02	2.00	13.74		0.00	0.13
30.00	10637	464.34	0.00	12.90		0.00	0.05
30.00	10638	447.08	1.00	13.88		0.00	0.11
30.00	10656	428.12	2.00	15.66		0.00	0.05
30.00	10732	377.49	0.00	15.49		0.00	0.16
30.00	10814	280.99	1.00	11.92		0.00	0.01
30.00	10915	225.68	2.00	11.30		0.00	-0.16
30.00	10996	213.34	0.00	14.17		0.00	0.22
30.00	11057	173.64	1.00	12.60		0.00	0.10
30.00	11163	124.07	2.00	13.86		0.00	0.23
30.00	11219	93.88	0.00	13.57		0.00	0.31
30.00	11330	35.63	1.00	12.86		0.00	0.24
31.00	10631	686.11	0.00	13.18		0.00	0.09
31.00	10632	682.58	1.00	14.78		0.00	-0.20
31.00	10778	653.69	2.00	11.43		0.00	0.11
31.00	10633	642.92	1.00	14.07		0.00	-0.06
31.00	10634	600.31	0.00	13.79		0.00	-0.14
31.00	10635	588.38	1.00	14.72		0.00	0.13
31.00	10636	523.73	2.00	13.70		0.00	-0.13
31.00	10637	477.26	0.00	12.90		0.00	-0.04
31.00	10638	460.90	1.00	13.79		0.00	-0.16
31.00	10656	443.88	2.00	15.80		0.00	-0.09
31.00	10732	392.98	0.00	15.49		0.00	-0.07
31.00	10814	292.90	1.00	11.91		0.00	-0.02
31.00	10915	236.91	2.00	11.20		0.00	0.00
31.00	10996	227.58	0.00	14.28		0.00	-0.00
31.00	11057	186.26	1.00	12.62		0.00	-0.10
31.00	11163	137.97	2.00	13.97		0.00	0.20
31.00	11219	107.53	0.00	13.73		0.00	0.08
31.00	11330	48.52	1.00	12.93		0.00	0.29
31.00	11411	7.51	2.00	12.61		0.00	0.48
32.00	10778	665.14	2.00	11.47		0.00	0.17
32.00	10633	656.95	1.00	14.02		0.00	0.04
32.00	10634	614.08	0.00	13.79		0.00	0.06
32.00	10635	603.10	1.00	14.66		0.00	-0.12
32.00	10636	537.38	2.00	13.64		0.00	0.10
32.00	10637	490.16	0.00	12.88		0.00	-0.09
32.00	10638	474.67	1.00	13.69		0.00	-0.28
32.00	10656	459.66	2.00	15.74		0.00	-0.11
32.00	10732	408.48	0.00	15.53		0.00	0.06
32.00	10814	304.87	1.00	12.04		0.00	0.15
32.00	10915	248.08	2.00	11.23		0.00	0.25
32.00	10996	241.92	0.00	14.36		0.00	-0.05
32.00	11057	198.87	1.00	12.60		0.00	0.03
32.00	11163	151.98	2.00	14.09		0.00	0.12
32.00	11219	121.30	0.00	13.86		0.00	0.22
32.00	11330	61.54	1.00	13.04		0.00	-0.10
32.00	11411	20.22	2.00	12.77		0.00	0.13
33.00	10778	676.59	2.00	11.43		0.00	-0.14
33.00	10633	671.01	1.00	14.13		0.00	0.35
33.00	10634	627.91	0.00	13.81		0.00	-0.12
33.00	10635	617.71	1.00	14.64		0.00	0.17
33.00	10636	551.01	2.00	13.57		0.00	-0.18
33.00	10637	503.00	0.00	12.81		0.00	-0.05
33.00	10638	488.35	1.00	13.64		0.00	-0.19
33.00	10656	475.43	2.00	15.77		0.00	-0.13
33.00	10732	423.98	0.00	15.50		0.00	0.12
33.00	10814	316.90	1.00	12.03		0.00	0.24
33.00	10915	259.36	2.00	11.28		0.00	0.02
33.00	10996	256.27	0.00	14.38		0.00	0.06
33.00	11057	211.55	1.00	12.78		0.00	0.22
33.00	11163	166.16	2.00	14.25		0.00	0.11
33.00	11219	135.18	0.00	13.90		0.00	-0.05
33.00	11330	74.59	1.00	13.05		0.00	0.13
33.00	11411	33.11	2.00	13.00		0.00	0.38
34.00	10778	687.94	2.00	11.29		0.00	-0.12
34.00	10633	685.23	1.00	14.34		0.00	0.30
34.00	10634	641.70	0.00	13.77		0.00	-0.07
34.00	10635	632.34	1.00	14.69		0.00	0.10
34.00	10636	564.57	2.00	13.50		0.00	-0.26
34.00	10637	515.78	0.00	12.71		0.00	-0.21
34.00	10638	501.97	1.00	13.60		0.00	-0.02
34.00	10656	491.20	2.00	15.81		0.00	-0.03
34.00	10732	439.47	0.00	15.49		0.00	-0.11
34.00	10814	328.94	1.00	12.02		0.00	-0.25
34.00	10996	270.70	0.00	14.42		0.00	-0.07
34.00	10915	270.61	2.00	11.23		0.00	0.04
34.00	11057	224.40	1.00	12.88		0.00	0.14
34.00	11163	180.40	2.00	14.26		0.00	0.06
34.00	11219	149.09	0.00	13.93		0.00	-0.00
34.00	11330	87.68	1.00	13.11		0.00	0.04
34.00	11411	46.20	2.00	13.21		0.00	0.44
34.00	11488	7.53	0.00	12.66		0.00	0.37
35.00	10634	655.48	0.00	13.78		0.00	0.13
35.00	10635	647.04	1.00	14.73		0.00	0.08
35.00	10636	578.03	2.00	13.46		0.00	-0.02
35.00	10637	528.47	0.00	12.68		0.00	-0.16
35.00	10638	515.55	1.00	13.56		0.00	0.08
35.00	10656	506.98	2.00	15.80		0.00	0.16
35.00	10732	455.01	0.00	15.60		0.00	0.08
35.00	10814	340.99	1.00	12.04		0.00	-0.20
35.00	10996	285.09	0.00	14.33		0.00	-0.21
35.00	10915	281.89	2.00	11.29		0.00	-0.24
35.00	11057	237.32	1.00	12.93		0.00	-0.07
35.00	11163	194.73	2.00	14.40		0.00	0.29
35.00	11219	163.02	0.00	13.91		0.00	-0.02
35.00	11330	100.84	1.00	13.22		0.00	-0.08
35.00	11411	59.55	2.00	13.45		0.00	-0.05
35.00	11488	20.34	0.00	12.91		0.00	0.16
36.00	10634	669.30	0.00	13.81		0.00	-0.07
36.00	10635	661.77	1.00	14.76		0.00	0.07
36.00	10636	591.44	2.00	13.39		0.00	0.10
36.00	10637	541.16	0.00	12.67		0.00	-0.11
36.00	10638	529.03	1.00	13.42		0.00	0.03
36.00	10656	522.76	2.00	15.79		0.00	-0.04
36.00	10732	470.57	0.00	15.52		0.00	-0.17
36.00	10814	352.99	1.00	11.96		0.00	-0.02
36.00	10996	299.44	0.00	14.33		0.00	-0.16
36.00	10915	293.15	2.00	11.24		0.00	-0.04
36.00	11057	250.21	1.00	12.84		0.00	-0.22
36.00	11163	209.14	2.00	14.44		0.00	-0.13
36.00	11219	177.07	0.00	14.16		0.00	0.26
36.00	11330	114.12	1.00	13.31		0.00	0.03
36.00	11411	73.09	2.00	13.68		0.00	0.30
36.00	11488	33.28	0.00	12.97		0.00	0.06
37.00	10634	683.08	0.00	13.68		0.00	-0.25
37.00	10635	676.62	1.00	14.92		0.00	0.10
37.00	10636	604.79	2.00	13.27		0.00	-0.27
37.00	10637	553.81	0.00	12.57		0.00	-0.14
37.00	10638	542.44	1.00	13.37		0.00	-0.01
37.00	10656	538.59	2.00	15.85		0.00	0.15
37.00	10732	486.13	0.00	15.57		0.00	0.11
37.00	10814	364.92	1.00	11.92		0.00	0.06
37.00	10996	313.79	0.00	14.40		0.00	0.24
37.00	10915	304.36	2.00	11.25		0.00	0.09
37.00	11057	263.05	1.00	12.87		0.00	0.13
37.00	11163	223.66	2.00	14.53		0.00	-0.18
37.00	11219	191.25	0.00	14.17		0.00	-0.09
37.00	11330	127.50	1.00	13.46		0.00	0.17
37.00	11411	86.80	2.00	13.82		0.00	0.37
37.00	11488	46.30	0.00	13.16		0.00	0.30
37.00	11569	5.00	1.00	12.51		0.00	0.07
38.00	10635	691.62	1.00	15.01		0.00	-0.07
38.00	10636	618.02	2.00	13.21		0.00	-0.00
38.00	10637	566.31	0.00	12.43		0.00	-0.18
38.00	10638	555.77	1.00	13.35		0.00	0.17
38.00	10656	554.43	2.00	15.85		0.00	0.06
38.00	10732	501.68	0.00	15.59		0.00	0.19
38.00	10814	376.89	1.00	11.94		0.00	-0.14
38.00	10996	328.18	0.00	14.35		0.00	-0.20
38.00	10915	315.65	2.00	11.35		0.00	0.17
38.00	11057	275.91	1.00	12.85		0.00	-0.19
38.00	11163	238.29	2.00	14.70		0.00	0.06
38.00	11219	205.47	0.00	14.25		0.00	0.15
38.00	11330	141.02	1.00	13.58		0.00	0.05
38.00	11411	100.66	2.00	13.92		0.00	0.09
38.00	11488	59.58	0.00	13.30		0.00	0.05
38.00	11569	17.57	1.00	12.59		0.00	0.15
39.00	10636	631.21	2.00	13.14		0.00	-0.20
39.00	10637	578.71	0.00	12.34		0.00	-0.20
39.00	10656	570.30	2.00	15.87		0.00	0.16
39.00	10638	569.12	1.00	13.28		0.00	-0.26
39.00	10732	517.26	0.00	15.56		0.00	-0.12
39.00	10814	388.84	1.00	11.91		0.00	-0.09
39.00	10996	342.55	0.00	14.34		0.00	-0.20
39.00	10915	327.03	2.00	11.39		0.00	0.05
39.00	11057	288.74	1.00	12.81		0.00	-0.05
39.00	11163	253.01	2.00	14.76		0.00	0.10
39.00	11219	219.78	0.00	14.40		0.00	0.25
39.00	11330	154.56	1.00	13.57		0.00	0.20
39.00	11411	114.65	2.00	14.05		0.00	0.02
39.00	11488	73.02	0.00	13.53		0.00	-0.07
39.00	11569	30.28	1.00	12.76		0.00	-0.11
40.00	10636	644.36	2.00	13.16		0.00	0.11
40.00	10637	591.10	0.00	12.39		0.00	-0.11
40.00	10656	586.16	2.00	15.85		0.00	0.09
40.00	10638	582.35	1.00	13.14		0.00	-0.20
40.00	10732	532.84	0.00	15.60		0.00	0.03
40.00	10814	400.73	1.00	11.88		0.00	-0.15
40.00	10996	356.89	0.00	14.37		0.00	0.01
40.00	10915	338.31	2.00	11.21		0.00	-0.20
40.00	11057	301.55	1.00	12.82		0.00	-0.05
40.00	11163	267.77	2.00	14.74		0.00	-0.06
40.00	11219	234.24	0.00	14.49		0.00	-0.06
40.00	11330	168.19	1.00	13.65		0.00	0.15
40.00	11411	128.76	2.00	14.18		0.00	-0.04
40.00	11488	86.53	0.00	13.52		0.00	0.05
40.00	11569	43.07	1.00	12.84		0.00	0.17
40.00	11645	5.01	2.00	12.55		0.00	0.26
41.00	10636	657.49	2.00	13.15		0.00	0.03
41.00	10637	603.51	0.00	12.46		0.00	0.14
41.00	10656	602.01	2.00	15.90		0.00	0.16
41.00	10638	595.50	1.00	13.10		0.00	-0.25
41.00	10732	548.52	0.00	15.70		0.00	0.06
41.00	10814	412.58	1.00	11.81		0.00	-0.08
41.00	10996	371.24	0.00	14.31		0.00	-0.18
41.00	10915	349.54	2.00	11.25		0.00	0.15
41.00	11057	314.40	1.00	12.84		0.00	-0.11
41.00	11163	282.53	2.00	14.77		0.00	-0.08
41.00	11219	248.68	0.00	14.39		0.00	-0.07
41.00	11330	181.85	1.00	13.69		0.00	0.22
41.00	11411	143.03	2.00	14.30		0.00	-0.09
41.00	11488	100.04	0.00	13.54		0.00	0.13
41.00	11569	55.91	1.00	12.83		0.00	-0.16
41.00	11645	17.61	2.00	12.67		0.00	0.15
42.00	10636	670.58	2.00	13.06		0.00	0.07
42.00	10656	617.96	2.00	15.92		0.00	-0.19
42.00	10637	615.97	0.00	12.46		0.00	0.03
42.00	10638	608.61	1.00	13.17		0.00	0.22
42.00	10732	564.23	0.00	15.66		0.00	-0.13
42.00	11437	497.38	2.92	13.69		-0.01	0.21
42.00	10814	424.34	1.00	11.74		0.00	0.07
42.00	10996	385.53	0.00	14.33		0.00	0.24
42.00	10915	360.77	2.00	11.28		0.00	0.16
42.00	11057	327.30	1.00	12.93		0.00	-0.04
42.00	11163	297.32	2.00	14.75		0.00	-0.20
42.00	11219	263.10	0.00	14.46		0.00	0.12
42.00	11330	195.53	1.00	13.64		0.00	-0.13
42.00	11411	157.34	2.00	14.40		0.00	0.33
42.00	11488	113.59	0.00	13.55		0.00	-0.10
42.00	11569	68.72	1.00	12.83		0.00	-0.03
42.00	11645	30.37	2.00	12.85		0.00	0.33
43.00	10636	683.65	2.00	13.05		0.00	-0.02
43.00	10656	633.88	2.00	15.85		0.00	-0.27
43.00	10637	628.39	0.00	12.43		0.00	0.07
43.00	10638	621.83	1.00	13.25		0.00	0.09
43.00	10732	579.83	0.00	15.51		0.00	-0.21
43.00	11437	511.17	2.60	13.93		-0.03	0.36
43.00	10814	436.15	1.00	11.80		0.00	-0.08
43.00	10996	399.89	0.00	14.42		0.00	0.08
43.00	10915	372.00	2.00	11.21		0.00	-0.24
43.00	11057	340.26	1.00	12.99		0.00	-0.12
43.00	11163	312.11	2.00	14.85		0.00	0.19
43.00	11219	277.64	0.00	14.56		0.00	-0.09
43.00	11330	209.19	1.00	13.69		0.00	0.19
43.00	11411	171.77	2.00	14.44		0.00	-0.07
43.00	11488	127.24	0.00	13.71		0.00	0.00
43.00	11569	81.55	1.00	12.89		0.00	0.22
43.00	11645	43.27	2.00	12.93		0.00	-0.10
43.00	11721	5.00	0.00	12.48		0.00	-0.10
44.00	10656	649.64	2.00	15.69		0.00	-0.24
44.00	10637	640.77	0.00	12.36		0.00	0.14
44.00	10638	635.02	1.00	13.17		0.00	0.08
44.00	10732	595.33	0.00	15.45		0.00	-0.25
44.00	11437	525.11	2.18	14.00		-0.02	0.18
44.00	10814	447.89	1.00	11.71		0.00	-0.21
44.00	10996	414.36	0.00	14.43		0.00	-0.17
44.00	10915	383.25	2.00	11.32		0.00	0.16
44.00	11057	353.26	1.00	13.00		0.00	0.04
44.00	11163	326.99	2.00	14.91		0.00	-0.10
44.00	11219	292.16	0.00	14.48		0.00	-0.11
44.00	11330	222.90	1.00	13.74		0.00	0.08
44.00	11411	186.22	2.00	14.49		0.00	0.21
44.00	11488	140.94	0.00	13.70		0.00	0.09
44.00	11569	94.40	1.00	12.89		0.00	0.30
44.00	11645	56.29	2.00	13.07		0.00	0.12
44.00	11721	17.50	0.00	12.51		0.00	0.03
45.00	10656	665.39	2.00	15.83		0.00	0.13
45.00	10637	653.14	0.00	12.35		0.00	0.02
45.00	10638	648.10	1.00	13.02		0.00	-0.02
45.00	10732	610.67	0.00	15.22		0.00	-0.18
45.00	11437	539.22	2.00	14.24		-0.00	0.33
45.00	10814	459.55	1.00	11.61		0.00	-0.07
45.00	10996	428.74	0.00	14.33		0.00	-0.20
45.00	10915	394.58	2.00	11.29		0.00	-0.03
45.00	11057	366.35	1.00	13.19		0.00	0.19
45.00	11163	341.87	2.00	14.93		0.00	0.20
45.00	11219	306.72	0.00	14.63		0.00	0.15
45.00	11330	236.67	1.00	13.80		0.00	-0.08
45.00	11411	200.80	2.00	14.63		0.00	0.10
45.00	11488	154.69	0.00	13.79		0.00	0.17
45.00	11569	107.32	1.00	12.86		0.00	-0.18
45.00	11645	69.41	2.00	13.13		0.00	-0.07
45.00	11721	30.00	0.00	12.46		0.00	-0.19
46.00	10656	681.27	2.00	15.94		0.00	0.15
46.00	10637	665.50	0.00	12.38		0.00	-0.08
46.00	10638	661.05	1.00	12.92		0.00	0.05
46.00	10732	625.80	0.00	14.98		0.00	-0.31
46.00	11437	553.57	2.00	14.40		0.00	-0.01
46.00	10814	471.16	1.00	11.64		0.00	0.11
46.00	10996	443.13	0.00	14.42		0.00	0.22
46.00	10915	405.90	2.00	11.35		0.00	0.23
46.00	11057	379.53	1.00	13.19		0.00	0.09
46.00	11163	356.77	2.00	14.85		0.00	-0.21
46.00	11219	321.32	0.00	14.62		0.00	0.21
46.00	11330	250.53	1.00	13.93		0.00	0.18
46.00	11411	215.51	2.00	14.74		0.00	-0.08
46.00	11488	168.47	0.00	13.86		0.00	0.28
46.00	11569	120.22	1.00	12.89		0.00	0.05
46.00	11645	82.57	2.00	13.18		0.00	-0.14
46.00	11721	42.50	0.00	12.60		0.00	0.24
47.00	10637	677.90	0.00	12.41		0.00	0.04
47.00	10638	673.93	1.00	12.82		0.00	-0.24
47.00	10732	640.61	0.00	14.69		0.00	-0.01
47.00	11437	568.09	2.00	14.65		0.00	0.27
47.00	10814	482.77	1.00	11.60		0.00	-0.18
47.00	10996	457.60	0.00	14.51		0.00	0.19
47.00	10915	417.25	2.00	11.31		0.00	-0.14
47.00	11057	392.67	1.00	13.07		0.00	-0.10
47.00	11163	371.58	2.00	14.76		0.00	-0.28
47.00	11219	335.92	0.00	14.62		0.00	0.18
47.00	11330	264.53	1.00	14.04		0.00	-0.14
47.00	11411	230.31	2.00	14.86		0.00	-0.10
47.00	11488	182.37	0.00	13.88		0.00	-0.15
47.00	11569	133.07	1.00	12.80		0.00	-0.06
47.00	11645	95.78	2.00	13.17		0.00	-0.13
47.00	11721	55.10	0.00	12.60		0.00	-0.09
47.00	11817	7.49	1.00	12.51		0.00	0.23
48.00	10637	690.28	0.00	12.44		0.00	0.17
48.00	10638	686.73	1.00	12.78		0.00	-0.13
48.00	10732	655.18	0.00	14.46		0.00	-0.21
48.00	11437	582.76	2.00	14.71		0.00	0.02
48.00	10814	494.38	1.00	11.66		0.00	0.13
48.00	10996	472.16	0.00	14.56		0.00	-0.05
48.00	10915	428.57	2.00	11.28		0.00	-0.22
48.00	11057	405.75	1.00	13.05		0.00	-0.05
48.00	11163	386.25	2.00	14.54		0.00	-0.27
48.00	11219	350.52	0.00	14.62		0.00	0.18
48.00	11330	278.63	1.00	14.10		0.00	-0.05
48.00	11411	245.17	2.00	14.88		0.00	0.12
48.00	11488	196.29	0.00	13.97		0.00	0.10
48.00	11569	145.86	1.00	12.81		0.00	0.11
48.00	11645	108.98	2.00	13.26		0.00	0.05
48.00	11721	67.78	0.00	12.77		0.00	0.22
48.00	11817	20.02	1.00	12.53		0.00	-0.00
49.00	10732	669.60	0.00	14.47		0.00	-0.01
49.00	11437	597.46	2.00	14.71		0.00	-0.00
49.00	10814	506.03	1.00	11.60		0.00	-0.22
49.00	10996	486.68	0.00	14.46		0.00	-0.17
49.00	10915	439.88	2.00	11.31		0.00	-0.14
49.00	11057	418.78	1.00	13.03		0.00	-0.24
49.00	11163	400.71	2.00	14.38		0.00	-0.13
49.00	11219	365.16	0.00	14.62		0.00	-0.16
49.00	11330	292.75	1.00	14.17		0.00	0.19
49.00	11411	260.07	2.00	14.93		0.00	-0.12
49.00	11488	210.29	0.00	14.04		0.00	-0.04
49.00	11569	158.69	1.00	12.89		0.00	0.14
49.00	11645	122.27	2.00	13.31		0.00	0.03
49.00	11721	80.58	0.00	12.81		0.00	-0.03
49.00	11817	32.54	1.00	12.57		0.00	0.27
50.00	10732	684.10	0.00	14.54		0.00	0.22
50.00	11437	612.22	2.00	14.82		0.00	-0.04
50.00	10814	517.70	1.00	11.69		0.00	-0.09
50.00	10996	501.19	0.00	14.51		0.00	-0.20
50.00	10915	451.17	2.00	11.29		0.00	0.16
50.00	11057	431.82	1.00	13.03		0.00	-0.12
50.00	11163	414.88	2.00	13.97		0.00	-0.52
50.00	11219	379.73	0.00	14.54		0.00	-0.04
50.00	11330	306.92	1.00	14.19		0.00	0.01
50.00	11411	275.05	2.00	15.00		0.00	-0.03
50.00	11488	224.41	0.00	14.23		0.00	0.26
50.00	11569	171.59	1.00	12.85		0.00	-0.16
50.00	11645	135.64	2.00	13.42		0.00	0.30
50.00	11721	93.41	0.00	12.80		0.00	-0.18
50.00	11817	45.09	1.00	12.55		0.00	0.15
51.00	11437	627.09	2.00	14.91		0.00	0.03
51.00	10814	529.36	1.00	11.67		0.00	0.12
51.00	10996	515.72	0.00	14.55		0.00	0.24
51.00	10915	462.39	2.00	11.20		0.00	0.00
51.00	11057	444.86	1.00	13.08		0.00	0.12
51.00	11163	428.70	2.00	13.68		0.00	-0.23
51.00	11219	394.29	0.00	14.64		0.00	0.23
51.00	11330	321.11	1.00	14.15		0.00	-0.21
51.00	11411	290.08	2.00	15.08		0.00	-0.06
51.00	11488	238.65	0.00	14.28		0.00	0.30
51.00	11569	184.42	1.00	12.80		0.00	-0.08
51.00	11645	149.10	2.00	13.46		0.00	0.10
51.00	11721	106.25	0.00	12.81		0.00	-0.22
51.00	11817	57.67	1.00	12.58		0.00	-0.05
51.00	11908	12.58	2.00	12.65		0.00	0.18
52.00	11437	642.02	2.00	14.98		0.00	0.25
52.00	10814	541.02	1.00	11.69		0.00	0.16
52.00	10996	530.30	0.00	14.66		0.00	0.23
52.00	10915	473.59	2.00	11.13		0.00	-0.18
52.00	11057	457.92	1.00	13.05		0.00	0.15
52.00	11163	442.22	2.00	13.37		0.00	-0.19
52.00	11219	409.04	0.00	14.85		0.00	0.16
52.00	11330	335.27	1.00	14.17		0.00	-0.22
52.00	11411	305.21	2.00	15.15		0.00	-0.15
52.00	11488	252.96	0.00	14.39		0.00	0.24
52.00	11569	197.28	1.00	12.85		0.00	-0.02
52.00	11645	162.57	2.00	13.51		0.00	0.06
52.00	11721	119.10	0.00	12.91		0.00	0.02
52.00	11817	70.36	1.00	12.77		0.00	0.07
52.00	11908	25.34	2.00	12.88		0.00	0.26
53.00	11437	657.04	2.00	15.06		0.00	-0.02
53.00	10814	552.78	1.00	11.81		0.00	-0.02
53.00	10996	545.00	0.00	14.73		0.00	0.03
53.00	10915	484.69	2.00	11.10		0.00	0.08
53.00	11057	471.00	1.00	13.15		0.00	0.12
53.00	11163	455.40	2.00	12.98		0.00	-0.44
53.00	11219	423.91	0.00	14.87		0.00	-0.03
53.00	11330	349.39	1.00	14.05		0.00	-0.04
53.00	11411	320.39	2.00	15.19		0.00	0.03
53.00	11488	267.37	0.00	14.44		0.00	0.05
53.00	11569	210.14	1.00	12.85		0.00	-0.20
53.00	11645	176.12	2.00	13.61		0.00	0.10
53.00	11721	131.99	0.00	12.89		0.00	-0.12
53.00	11817	83.19	1.00	12.85		0.00	0.02
53.00	11908	38.33	2.00	13.07		0.00	0.17
53.00	11969	7.51	0.00	12.55		0.00	0.08
54.00	11437	672.11	2.00	15.09		0.00	-0.13
54.00	10814	564.56	1.00	11.82		0.00	0.07
54.00	10996	559.71	0.00	14.75		0.00	0.22
54.00	10915	495.82	2.00	11.13		0.00	-0.06
54.00	11057	484.15	1.00	13.13		0.00	0.05
54.00	11163	468.14	2.00	12.53		0.00	-0.38
54.00	11219	438.79	0.00	14.89		0.00	0.28
54.00	11330	363.45	1.00	14.10		0.00	0.14
54.00	11411	335.61	2.00	15.20		0.00	-0.04
54.00	11488	281.87	0.00	14.58		0.00	0.28
54.00	11569	222.98	1.00	12.93		0.00	0.24
54.00	11645	189.69	2.00	13.52		0.00	-0.19
54.00	11721	144.90	0.00	12.88		0.00	-0.14
54.00	11817	96.02	1.00	12.86		0.00	0.10
54.00	11908	51.50	2.00	13.24		0.00	-0.05
54.00	11969	20.10	0.00	12.61		0.00	-0.12
55.00	11437	687.26	2.00	15.18		0.00	0.10
55.00	10814	576.42	1.00	11.93		0.00	0.15
55.00	10996	574.45	0.00	14.74		0.00	0.20
55.00	10915	506.94	2.00	11.11		0.00	-0.08
55.00	11057	497.32	1.00	13.20		0.00	0.16
55.00	11163	480.54	2.00	12.24		0.00	-0.44
55.00	11219	453.65	0.00	14.84		0.00	-0.21
55.00	11330	377.57	1.00	14.17		0.00	0.03
55.00	11411	350.85	2.00	15.32		0.00	0.26
55.00	11488	296.46	0.00	14.56		0.00	-0.16
55.00	11569	235.97	1.00	13.02		0.00	-0.19
55.00	11645	203.28	2.00	13.63		0.00	0.03
55.00	11721	157.75	0.00	12.82		0.00	0.11
55.00	11817	108.81	1.00	12.74		0.00	-0.17
55.00	11908	64.83	2.00	13.39		0.00	-0.04
55.00	11969	32.75	0.00	12.72		0.00	0.24
56.00	10996	589.13	0.00	14.65		0.00	-0.17
56.00	10814	588.28	1.00	11.80		0.00	-0.11
56.00	10915	517.96	2.00	10.98		0.00	0.08
56.00	11057	510.47	1.00	13.10		0.00	-0.02
56.00	11163	492.61	2.00	11.95		0.00	-0.14
56.00	11219	468.54	0.00	14.90		0.00	-0.03
56.00	11330	391.71	1.00	14.11		0.00	-0.21
56.00	11411	366.20	2.00	15.39		0.00	0.04
56.00	11488	311.03	0.00	14.59		0.00	0.07
56.00	11569	248.96	1.00	13.01		0.00	0.26
56.00	11645	216.94	2.00	13.76		0.00	0.29
56.00	11721	170.56	0.00	12.87		0.00	0.26
56.00	11817	121.54	1.00	12.77		0.00	0.16
56.00	11908	78.26	2.00	13.47		0.00	-0.00
56.00	11969	45.45	0.00	12.73		0.00	0.14
56.00	12055	2.50	1.00	12.50		0.00	0.00
57.00	10996	603.79	0.00	14.68		0.00	0.00
57.00	10814	600.10	1.00	11.87		0.00	0.23
57.00	10915	528.97	2.00	10.98		0.00	-0.18
57.00	11057	523.58	1.00	13.12		0.00	0.09
57.00	11163	504.50	2.00	11.78		0.00	-0.33
57.00	11219	483.45	0.00	14.89		0.00	0.02
57.00	11330	405.80	1.00	14.08		0.00	-0.09
57.00	11411	381.59	2.00	15.39		0.00	0.01
57.00	11488	325.61	0.00	14.54		0.00	-0.07
57.00	11569	262.03	1.00	13.10		0.00	-0.03
57.00	11645	230.75	2.00	13.86		0.00	0.17
57.00	11721	183.41	0.00	12.82		0.00	-0.02
57.00	11817	134.32	1.00	12.77		0.00	0.01
57.00	11908	91.86	2.00	13.71		0.00	0.30
57.00	11969	58.24	0.00	12.89		0.00	0.19
57.00	12055	15.01	1.00	12.58		0.00	0.20
58.00	10996	618.41	0.00	14.54		0.00	-0.24
58.00	10814	612.06	1.00	12.00		0.00	0.09
58.00	10915	539.99	2.00	11.05		0.00	0.08
58.00	11057	536.72	1.00	13.11		0.00	-0.18
58.00	11163	516.21	2.00	11.74		-0.00	0.13
58.00	11219	498.34	0.00	14.95		0.00	0.18
58.00	11330	419.87	1.00	14.07		0.00	0.10
58.00	11411	397.03	2.00	15.47		0.00	-0.02
58.00	11488	340.17	0.00	14.59		0.00	0.06
58.00	11569	275.20	1.00	13.14		0.00	-0.18
58.00	11645	244.58	2.00	13.76		0.00	-0.20
58.00	11721	196.31	0.00	12.95		0.00	-0.09
58.00	11817	147.14	1.00	12.91		0.00	0.18
58.00	11908	105.63	2.00	13.87		0.00	0.12
58.00	11969	71.11	0.00	12.86		0.00	0.15
58.00	12055	27.63	1.00	12.69		0.00	0.14
59.00	10996	632.95	0.00	14.48		0.00	-0.20
59.00	10814	624.06	1.00	11.98		0.00	-0.14
59.00	10915	551.07	2.00	11.08		0.00	-0.22
59.00	11057	549.86	1.00	13.11		0.00	-0.22
59.00	11163	528.04	1.82	11.87		-0.03	-0.02
59.00	11219	513.26	0.00	14.93		0.00	-0.12
59.00	11330	433.93	1.00	14.06		0.00	-0.20
59.00	11411	412.58	2.00	15.67		0.00	0.22
59.00	11488	354.71	0.00	14.48		0.00	-0.10
59.00	11569	288.34	1.00	13.16		0.00	0.21
59.00	11645	258.41	2.00	13.91		0.00	0.24
59.00	11721	209.33	0.00	13.08		0.00	0.17
59.00	11817	160.09	1.00	12.96		0.00	0.25
59.00	11908	119.59	2.00	14.01		0.00	-0.05
59.00	11969	84.06	0.00	12.99		0.00	-0.11
59.00	12055	40.29	1.00	12.73		0.00	0.22
60.00	10996	647.42	0.00	14.50		0.00	0.24
60.00	10814	636.07	1.00	11.99		0.00	0.04
60.00	11057	562.94	1.00	13.08		0.00	0.06
60.00	10915	562.21	2.00	11.13		0.00	-0.21
60.00	11163	539.96	1.41	11.93		-0.04	-0.08
60.00	11219	528.27	0.00	15.08		0.00	0.23
60.00	11330	447.98	1.00	14.03		0.00	0.04
60.00	11411	428.28	2.00	15.73		0.00	-0.08
60.00	11488	369.17	0.00	14.43		0.00	-0.19
60.00	11569	301.57	1.00	13.28		0.00	0.11
60.00	11645	272.38	2.00	14.00		0.00	0.17
60.00	11721	222.41	0.00	13.06		0.00	-0.11
60.00	11817	172.99	1.00	12.87		0.00	0.08
60.00	11908	133.64	2.00	14.08		0.00	-0.12
60.00	11969	97.10	0.00	12.99		0.00	-0.25
60.00	12055	53.09	1.00	12.85		0.00	0.07
61.00	10996	661.92	0.00	14.49		0.00	-0.21
61.00	10814	648.08	1.00	12.02		0.00	-0.08
61.00	11057	576.05	1.00	13.12		0.00	0.04
61.00	10915	573.41	2.00	11.26		0.00	0.09
61.00	11163	551.98	1.08	12.09		-0.02	0.23
61.00	11219	543.35	0.00	15.13		0.00	0.14
61.00	11330	462.09	1.00	14.16		0.00	0.08
61.00	11411	444.02	2.00	15.72		0.00	-0.12
61.00	11488	383.71	0.00	14.56		0.00	-0.12
61.00	11569	314.86	1.00	13.28		0.00	-0.14
61.00	11645	286.41	2.00	14.02		0.00	-0.13
61.00	11721	235.44	0.00	13.01		0.00	-0.08
61.00	11817	185.84	1.00	12.84		0.00	0.01
61.00	11908	147.84	2.00	14.31		0.00	0.20
61.00	11969	110.07	0.00	12.94		0.00	0.11
61.00	12055	66.01	1.00	12.95		0.00	-0.14
61.00	12161	12.45	2.00	12.39		0.00	-0.02
62.00	10996	676.42	0.00	14.50		0.00	0.03
62.00	10814	660.09	1.00	12.01		0.00	0.02
62.00	11057	589.15	1.00	13.08		0.00	-0.11
62.00	10915	584.66	2.00	11.18		0.00	-0.15
62.00	11163	564.18	1.00	12.26		0.00	-0.06
62.00	11219	558.51	0.00	15.15		0.00	0.03
62.00	11330	476.31	1.00	14.28		0.00	0.18
62.00	11411	459.76	2.00	15.73		0.00	-0.10
62.00	11488	398.28	0.00	14.58		0.00	0.16
62.00	11569	328.19	1.00	13.39		0.00	0.13
62.00	11645	300.42	2.00	13.98		0.00	-0.14
62.00	11721	248.45	0.00	13.02		0.00	-0.19
62.00	11817	198.68	1.00	12.90		0.00	0.21
62.00	11908	162.17	2.00	14.40		0.00	0.34
62.00	11969	122.97	0.00	12.90		0.00	0.06
62.00	12055	78.90	1.00	12.88		0.00	0.06
62.00	12161	24.85	2.00	12.41		0.00	0.17
63.00	10996	690.88	0.00	14.47		0.00	-0.04
63.00	10814	672.13	1.00	12.08		0.00	0.03
63.00	11057	602.28	1.00	13.12		0.00	-0.08
63.00	10915	595.84	2.00	11.17		0.00	-0.19
63.00	11163	576.50	1.00	12.34		0.00	-0.04
63.00	11219	573.66	0.00	15.13		0.00	-0.12
63.00	11330	490.59	1.00	14.27		0.00	-0.19
63.00	11411	475.57	2.00	15.87		0.00	0.08
63.00	11488	412.91	0.00	14.67		0.00	-0.05
63.00	11569	341.60	1.00	13.42		0.00	-0.06
63.00	11645	314.37	2.00	13.96		0.00	0.03
63.00	11721	261.45	0.00	13.00		0.00	0.02
63.00	11817	211.55	1.00	12.85		0.00	0.01
63.00	11908	176.60	2.00	14.48		0.00	0.22
63.00	11969	135.87	0.00	12.86		0.00	-0.24
63.00	12055	91.78	1.00	12.90		0.00	0.21
63.00	12161	37.24	2.00	12.41		0.00	0.09
64.00	10814	684.13	1.00	11.95		0.00	-0.24
64.00	11057	615.42	1.00	13.20		0.00	0.23
64.00	10915	607.03	2.00	11.28		0.00	0.22
64.00	11163	588.84	1.00	12.35		0.00	0.05
64.00	11219	588.81	0.00	15.08		0.00	-0.23
64.00	11330	504.92	1.00	14.39		0.00	0.13
64.00	11411	491.48	2.00	15.89		0.00	-0.14
64.00	11488	427.61	0.00	14.76		0.00	0.21
64.00	11569	354.97	1.00	13.35		0.00	0.02
64.00	11645	328.36	2.00	14.06		0.00	0.24
64.00	11721	274.47	0.00	13.03		0.00	-0.12
64.00	11817	224.38	1.00	12.79		0.00	-0.10
64.00	11908	191.13	2.00	14.54		0.00	-0.13
64.00	11969	148.76	0.00	12.92		0.00	0.13
64.00	12055	104.62	1.00	12.81		0.00	0.01
64.00	12161	49.59	2.00	12.33		0.00	0.02
64.00	12242	10.02	0.00	12.54		0.00	-0.12
65.00	11057	628.67	1.00	13.26		0.00	-0.17
65.00	10915	618.32	2.00	11.31		0.00	-0.04
65.00	11219	603.92	0.00	15.14		0.00	0.18
65.00	11163	601.26	1.00	12.50		0.00	-0.01
65.00	11330	519.36	1.00	14.44		0.00	0.04
65.00	11411	507.37	2.00	15.86		0.00	-0.12
65.00	11488	442.42	0.00	14.84		0.00	0.23
65.00	11569	368.28	1.00	13.33		0.00	0.06
65.00	11645	342.42	2.00	14.03		0.00	-0.13
65.00	11721	287.52	0.00	13.06		0.00	-0.03
65.00	11817	237.20	1.00	12.83		0.00	0.04
65.00	11908	205.73	2.00	14.69		0.00	0.25
65.00	11969	161.67	0.00	12.92		0.00	0.10
65.00	12055	117.47	1.00	12.88		0.00	0.17
65.00	12161	61.87	2.00	12.32		0.00	0.20
65.00	12242	22.61	0.00	12.64		0.00	0.18
66.00	11057	641.91	1.00	13.23		0.00	-0.01
66.00	10915	629.58	2.00	11.27		0.00	0.07
66.00	11219	619.11	0.00	15.20		0.00	-0.13
66.00	11163	613.79	1.00	12.54		0.00	0.03
66.00	11330	533.82	1.00	14.42		0.00	-0.05
66.00	11411	523.24	2.00	15.90		0.00	-0.06
66.00	11488	457.30	0.00	14.89		0.00	-0.22
66.00	11569	381.61	1.00	13.30		0.00	-0.21
66.00	11645	356.38	2.00	13.91		0.00	-0.01
66.00	11721	300.54	0.00	13.02		0.00	0.01
66.00	11817	250.02	1.00	12.80		0.00	-0.21
66.00	11908	220.49	2.00	14.87		0.00	0.30
66.00	11969	174.60	0.00	12.87		0.00	-0.10
66.00	12055	130.40	1.00	12.95		0.00	0.13
66.00	12161	74.18	2.00	12.29		0.00	0.17
66.00	12242	35.22	0.00	12.60		0.00	0.09
67.00	11057	655.11	1.00	13.23		0.00	0.11
67.00	10915	640.81	2.00	11.24		0.00	0.20
67.00	11219	634.35	0.00	15.23		0.00	-0.06
67.00	11163	626.41	1.00	12.76		0.00	0.25
67.00	11330	548.23	1.00	14.43		0.00	0.08
67.00	11411	539.23	2.00	16.02		0.00	0.00
67.00	11488	472.18	0.00	14.90		0.00	0.07
67.00	11569	394.94	1.00	13.34		0.00	-0.00
67.00	11645	370.29	2.00	13.91		0.00	-0.16
67.00	11721	313.49	0.00	12.94		0.00	0.21
67.00	11817	262.83	1.00	12.88		0.00	0.16
67.00	11908	235.42	2.00	15.02		0.00	0.10
67.00	11969	187.42	0.00	12.77		0.00	-0.20
67.00	12055	143.38	1.00	12.99		0.00	-0.12
67.00	12161	86.52	2.00	12.38		0.00	0.03
67.00	12242	47.77	0.00	12.55		0.00	0.23
67.00	12313	12.41	1.00	12.31		0.00	-0.06
68.00	11057	668.32	1.00	13.26		0.00	0.21
68.00	10915	652.03	2.00	11.22		0.00	-0.03
68.00	11219	649.57	0.00	15.25		0.00	0.23
68.00	11163	639.20	1.00	12.81		0.00	0.14
68.00	11330	562.63	1.00	14.36		0.00	-0.17
68.00	11411	555.27	2.00	16.04		0.00	-0.03
68.00	11488	487.12	0.00	14.90		0.00	-0.23
68.00	11569	408.27	1.00	13.36		0.00	0.24
68.00	11645	384.26	2.00	13.95		0.00	-0.20
68.00	11721	326.47	0.00	13.00		0.00	0.06
68.00	11817	275.73	1.00	12.89		0.00	-0.06
68.00	11908	250.50	2.00	15.11		0.00	0.13
68.00	11969	200.22	0.00	12.77		0.00	-0.21
68.00	12055	156.36	1.00	12.99		0.00	-0.12
68.00	12161	98.88	2.00	12.33		0.00	-0.20
68.00	12242	60.33	0.00	12.65		0.00	0.21
68.00	12313	24.52	1.00	11.92		0.00	-0.36
69.00	11057	681.53	1.00	13.19		0.00	0.00
69.00	11219	664.76	0.00	15.18		0.00	0.15
69.00	10915	663.27	2.00	11.27		0.00	-0.06
69.00	11163	652.12	1.00	13.01		0.00	0.06
69.00	11330	577.00	1.00	14.38		0.00	-0.08
69.00	11411	571.39	2.00	16.19		0.00	0.12
69.00	11488	502.04	0.00	14.96		0.00	0.22
69.00	11569	421.71	1.00	13.44		0.00	-0.22
69.00	11645	398.20	2.00	13.96		0.00	0.11
69.00	11721	339.50	0.00	13.06		0.00	-0.05
69.00	11817	288.59	1.00	12.80		0.00	-0.22
69.00	11908	265.55	2.00	15.01		0.00	-0.01
69.00	11969	212.99	0.00	12.78		0.00	0.09
69.00	12055	169.36	1.00	13.01		0.00	0.09
69.00	12161	111.20	2.00	12.27		0.00	-0.22
69.00	12242	72.95	0.00	12.57		0.00	-0.08
69.00	12313	36.33	1.00	11.78		0.00	0.05
70.00	11219	679.93	0.00	15.22		0.00	0.11
70.00	10915	674.53	2.00	11.27		0.00	-0.04
70.00	11163	665.14	1.00	13.04		0.00	-0.01
70.00	11330	591.43	1.00	14.43		0.00	-0.21
70.00	11411	587.62	2.00	16.23		0.00	-0.12
70.00	11488	517.03	0.00	15.01		0.00	0.09
70.00	11569	435.15	1.00	13.45		0.00	-0.10
70.00	11645	412.19	2.00	14.07		0.00	0.17
70.00	11721	352.55	0.00	13.05		0.00	0.24
70.00	11817	301.37	1.00	12.74		0.00	-0.10
70.00	11908	280.64	2.00	15.18		0.00	0.20
70.00	11969	225.76	0.00	12.81		0.00	0.24
70.00	12055	182.44	1.00	13.12		0.00	0.06
70.00	12161	123.48	2.00	12.28		0.00	-0.03
70.00	12242	85.50	0.00	12.56		0.00	0.13
70.00	12313	48.12	1.00	11.78		0.00	-0.11
70.00	12400	7.48	2.00	12.44		0.00	0.03
71.00	10915	685.79	2.00	11.26		0.00	0.09
71.00	11163	678.26	1.00	13.19		0.00	-0.02
71.00	11330	605.88	1.00	14.47		0.00	0.08
71.00	11411	603.89	2.00	16.24		0.00	-0.12
71.00	11488	532.11	0.00	15.06		0.00	-0.23
71.00	11569	448.56	1.00	13.38		0.00	-0.15
71.00	11645	426.27	2.00	14.07		0.00	0.14
71.00	11721	365.62	0.00	13.11		0.00	0.12
71.00	11817	314.11	1.00	12.74		0.00	0.05
71.00	11908	295.82	2.00	15.20		0.00	0.00
71.00	11969	238.50	0.00	12.70		0.00	0.05
71.00	12055	195.56	1.00	13.18		0.00	0.21
71.00	12161	135.76	2.00	12.26		0.00	-0.01
71.00	12242	98.16	0.00	12.72		0.00	-0.02
71.00	12313	59.78	1.00	11.53		0.00	-0.32
71.00	12400	19.91	2.00	12.39		0.00	-0.28
72.00	11163	691.56	1.00	13.45		0.00	0.37
72.00	11330	620.35	1.00	14.41		0.00	-0.17
72.00	11411	620.15	2.00	16.25		0.00	-0.08
72.00	11488	547.17	0.00	15.13		0.00	0.22
72.00	11569	461.94	1.00	13.39		0.00	0.07
72.00	11645	440.28	2.00	13.98		0.00	-0.18
72.00	11721	378.77	0.00	13.17		0.00	0.02
72.00	11817	326.91	1.00	12.80		0.00	-0.03
72.00	11908	311.04	2.00	15.28		0.00	0.15
72.00	11969	251.25	0.00	12.80		0.00	0.16
72.00	12055	208.75	1.00	13.25		0.00	0.15
72.00	12161	148.00	2.00	12.17		0.00	-0.16
72.00	12242	110.84	0.00	12.60		0.00	-0.22
72.00	12313	71.23	1.00	11.43		0.00	0.09
72.00	12400	32.27	2.00	12.36		0.00	0.19
73.00	11411	636.34	2.00	16.15		0.00	0.09
73.00	11330	634.80	1.00	14.44		0.00	0.05
73.00	11488	562.37	0.00	15.20		0.00	-0.01
73.00	11569	475.32	1.00	13.40		0.00	0.06
73.00	11645	454.36	2.00	14.13		0.00	-0.01
73.00	11721	391.94	0.00	13.13		0.00	-0.13
73.00	11817	339.69	1.00	12.79		0.00	0.13
73.00	11908	326.31	2.00	15.32		0.00	0.21
73.00	11969	264.00	0.00	12.70		0.00	-0.09
73.00	12055	222.05	1.00	13.33		0.00	0.11
73.00	12161	160.16	2.00	12.14		0.00	-0.08
73.00	12242	123.39	0.00	12.56		0.00	0.03
73.00	12313	82.55	1.00	11.21		0.00	-0.33
73.00	12400	44.66	2.00	12.38		0.00	-0.01
73.00	12486	2.50	0.00	12.50		0.00	0.00
74.00	11411	652.49	2.00	16.16		0.00	0.02
74.00	11330	649.21	1.00	14.40		0.00	-0.08
74.00	11488	577.62	0.00	15.26		0.00	-0.07
74.00	11569	488.66	1.00	13.32		0.00	0.17
74.00	11645	468.51	2.00	14.15		0.00	-0.08
74.00	11721	405.12	0.00	13.20		0.00	0.01
74.00	11817	352.53	1.00	12.84		0.00	0.13
74.00	11908	341.57	2.00	15.22		0.00	-0.18
74.00	11969	276.70	0.00	12.71		0.00	0.03
74.00	12055	235.46	1.00	13.46		0.00	0.07
74.00	12161	172.31	2.00	12.14		0.00	-0.00
74.00	12242	135.96	0.00	12.55		0.00	-0.03
74.00	12313	93.72	1.00	11.13		0.00	-0.04
74.00	12400	57.03	2.00	12.38		0.00	0.12
74.00	12486	15.13	0.00	12.78		0.00	0.46
75.00	11411	668.69	2.00	16.24		0.00	0.16
75.00	11330	663.63	1.00	14.46		0.00	-0.01
75.00	11488	592.82	0.00	15.13		0.00	-0.14
75.00	11569	501.93	1.00	13.28		0.00	0.20
75.00	11645	482.74	2.00	14.28		0.00	-0.03
75.00	11721	418.35	0.00	13.25		0.00	0.02
75.00	11817	365.39	1.00	12.91		0.00	0.10
75.00	11908	356.81	2.00	15.30		0.00	0.23
75.00	11969	289.39	0.00	12.73		0.00	0.21
75.00	12055	248.90	1.00	13.44		0.00	0.09
75.00	12161	184.40	2.00	12.07		0.00	0.01
75.00	12242	148.48	0.00	12.49		0.00	-0.11
75.00	12313	104.83	1.00	11.11		0.00	0.17
75.00	12400	69.38	2.00	12.37		0.00	-0.04
75.00	12486	28.06	0.00	13.03		0.00	0.02
76.00	11411	685.01	2.00	16.33		0.00	-0.18
76.00	11330	678.08	1.00	14.44		0.00	-0.09
76.00	11488	607.98	0.00	15.18		0.00	-0.06
76.00	11569	515.13	1.00	13.15		0.00	-0.02
76.00	11645	497.00	2.00	14.24		0.00	-0.22
76.00	11721	431.65	0.00	13.26		0.00	-0.22
76.00	11817	378.28	1.00	12.84		0.00	-0.19
76.00	11908	372.16	2.00	15.42		0.00	0.16
76.00	11969	302.15	0.00	12.81		0.00	0.19
76.00	12055	262.28	1.00	13.40		0.00	0.13
76.00	12161	196.48	2.00	12.04		0.00	-0.25
76.00	12242	160.94	0.00	12.47		0.00	0.10
76.00	12313	115.89	1.00	11.08		0.00	0.09
76.00	12400	81.70	2.00	12.29		0.00	-0.15
76.00	12486	41.22	0.00	13.29		0.00	0.15
77.00	11330	692.57	1.00	14.51		0.00	0.03
77.00	11488	623.21	0.00	15.24		0.00	0.00
77.00	11569	528.27	1.00	13.11		0.00	-0.19
77.00	11645	511.25	2.00	14.23		0.00	-0.07
77.00	11721	444.87	0.00	13.20		0.00	0.00
77.00	11817	391.12	1.00	12.80		0.00	-0.08
77.00	11908	387.58	2.00	15.45		0.00	-0.16
77.00	11969	314.98	0.00	12.88		0.00	0.25
77.00	12055	275.65	1.00	13.33		0.00	-0.23
77.00	12161	208.49	2.00	11.94		0.00	-0.26
77.00	12242	173.40	0.00	12.46		0.00	0.13
77.00	12313	126.93	1.00	10.94		0.00	-0.20
77.00	12400	93.92	2.00	12.21		0.00	0.17
77.00	12486	54.63	0.00	13.47		0.00	0.04
77.00	12577	7.50	1.00	12.51		0.00	0.05
78.00	11488	638.48	0.00	15.23		0.00	-0.25
78.00	11569	541.43	1.00	13.21		0.00	0.21
78.00	11645	525.44	2.00	14.15		0.00	-0.22
78.00	12319	496.45	2.92	11.39		-0.02	-0.11
78.00	11721	458.13	0.00	13.34		0.00	0.23
78.00	11817	403.90	1.00	12.77		0.00	0.02
78.00	11908	403.07	2.00	15.56		0.00	0.23
78.00	11969	327.88	0.00	12.90		0.00	-0.19
78.00	12055	289.04	1.00	13.43		0.00	0.16
78.00	12161	220.39	2.00	11.85		0.00	-0.07
78.00	12242	185.94	0.00	12.61		0.00	0.09
78.00	12313	137.80	1.00	10.79		0.00	-0.12
78.00	12400	106.15	2.00	12.26		0.00	0.20
78.00	12486	68.21	0.00	13.67		0.00	0.12
78.00	12577	20.10	1.00	12.64		0.00	0.03
79.00	11488	653.70	0.00	15.22		0.00	0.00
79.00	11569	554.62	1.00	13.21		0.00	-0.03
79.00	11645	539.58	2.00	14.16		0.00	0.12
79.00	12319	507.83	2.60	11.40		-0.04	0.13
79.00	11721	471.42	0.00	13.22		0.00	-0.21
79.00	11908	418.68	2.00	15.66		0.00	0.03
79.00	11817	416.71	1.00	12.88		0.00	0.13
79.00	11969	340.86	0.00	13.04		0.00	0.20
79.00	12055	302.46	1.00	13.42		0.00	0.08
79.00	12161	232.26	2.00	11.84		0.00	-0.24
79.00	12242	198.52	0.00	12.60		0.00	-0.15
79.00	12313	148.59	1.00	10.78		0.00	-0.14
79.00	12400	118.35	2.00	12.16		0.00	0.07
79.00	12486	81.95	0.00	13.82		0.00	-0.03
79.00	12577	32.78	1.00	12.77		0.00	0.24
80.00	11488	668.98	0.00	15.26		0.00	-0.24
80.00	11569	567.84	1.00	13.24		0.00	0.14
80.00	11645	553.78	2.00	14.18		0.00	-0.20
80.00	12319	519.22	2.18	11.35		-0.03	-0.25
80.00	11721	484.63	0.00	13.18		0.00	0.03
80.00	11908	434.33	2.00	15.68		0.00	0.04
80.00	11817	429.62	1.00	12.96		0.00	0.11
80.00	11969	353.85	0.00	12.93		0.00	-0.22
80.00	12055	315.86	1.00	13.37		0.00	-0.20
80.00	12161	244.11	2.00	11.85		0.00	-0.07
80.00	12242	211.16	0.00	12.62		0.00	-0.18
80.00	12313	159.33	1.00	10.74		0.00	0.06
80.00	12400	130.49	2.00	12.12		0.00	0.07
80.00	12486	95.83	0.00	13.98		0.00	0.41
80.00	12577	45.63	1.00	12.89		0.00	-0.00
80.00	12643	12.48	2.00	12.42		0.00	-0.10
81.00	11488	684.27	0.00	15.31		0.00	-0.14
81.00	11569	581.11	1.00	13.28		0.00	-0.10
81.00	11645	567.96	2.00	14.17		0.00	-0.05
81.00	12319	530.55	2.00	11.29		-0.00	-0.03
81.00	11721	497.77	0.00	13.13		0.00	-0.02
81.00	11908	450.06	2.00	15.74		0.00	0.13
81.00	11817	442.57	1.00	12.94		0.00	-0.08
81.00	11969	366.82	0.00	13.01		0.00	0.13
81.00	12055	329.24	1.00	13.40		0.00	0.12
81.00	12161	256.04	2.00	11.98		0.00	-0.05
81.00	12242	223.80	0.00	12.63		0.00	-0.08
81.00	12313	170.06	1.00	10.68		0.00	-0.16
81.00	12400	142.63	2.00	12.13		0.00	0.17
81.00	12486	109.93	0.00	14.29		0.00	0.42
81.00	12577	58.53	1.00	12.86		0.00	-0.07
81.00	12643	24.86	2.00	12.30		0.00	-0.02
82.00	11569	594.39	1.00	13.27		0.00	-0.07
82.00	11645	582.13	2.00	14.13		0.00	-0.18
82.00	12319	541.77	2.00	11.20		0.00	0.20
82.00	11721	510.95	0.00	13.19		0.00	0.11
82.00	11908	465.80	2.00	15.73		0.00	-0.05
82.00	11817	455.52	1.00	13.01		0.00	0.21
82.00	11969	379.83	0.00	12.96		0.00	-0.08
82.00	12055	342.59	1.00	13.33		0.00	0.19
82.00	12161	267.99	2.00	11.90		0.00	-0.07
82.00	12242	236.43	0.00	12.64		0.00	-0.15
82.00	12313	180.78	1.00	10.74		0.00	0.08
82.00	12400	154.75	2.00	12.08		0.00	-0.00
82.00	12486	124.34	0.00	14.52		0.00	0.31
82.00	12577	71.45	1.00	12.95		0.00	0.20
82.00	12643	37.10	2.00	12.20		0.00	-0.18
83.00	11569	607.63	1.00	13.19		0.00	-0.05
83.00	11645	596.32	2.00	14.21		0.00	0.09
83.00	12319	552.96	2.00	11.20		0.00	-0.03
83.00	11721	524.16	0.00	13.22		0.00	0.04
83.00	11908	481.57	2.00	15.78		0.00	0.09
83.00	11817	468.50	1.00	12.91		0.00	-0.21
83.00	11969	392.79	0.00	13.00		0.00	0.03
83.00	12055	355.92	1.00	13.26		0.00	-0.19
83.00	12161	279.83	2.00	11.78		0.00	-0.15
83.00	12242	249.08	0.00	12.60		0.00	-0.09
83.00	12313	191.49	1.00	10.67		0.00	0.03
83.00	12400	166.81	2.00	12.07		0.00	0.10
83.00	12486	138.94	0.00	14.62		0.00	0.07
83.00	12577	84.48	1.00	13.14		0.00	0.31
83.00	12643	49.29	2.00	12.13		0.00	-0.32
83.00	12719	12.60	0.00	12.77		0.00	0.49
84.00	11569	620.89	1.00	13.36		0.00	0.23
84.00	11645	610.54	2.00	14.23		0.00	0.16
84.00	12319	564.11	2.00	11.14		0.00	-0.16
84.00	11721	537.39	0.00	13.21		0.00	-0.16
84.00	11908	497.38	2.00	15.77		0.00	-0.22
84.00	11817	481.46	1.00	12.97		0.00	-0.11
84.00	11969	405.75	0.00	12.98		0.00	0.14
84.00	12055	369.11	1.00	13.15		0.00	-0.21
84.00	12161	291.59	2.00	11.74		0.00	-0.06
84.00	12242	261.61	0.00	12.46		0.00	-0.09
84.00	12313	202.11	1.00	10.62		0.00	0.14
84.00	12400	178.92	2.00	12.09		0.00	-0.03
84.00	12486	153.71	0.00	14.90		0.00	0.32
84.00	12577	97.73	1.00	13.31		0.00	0.11
84.00	12643	61.41	2.00	12.07		0.00	-0.20
84.00	12719	25.52	0.00	12.98		0.00	0.09
85.00	11569	634.28	1.00	13.41		0.00	-0.14
85.00	11645	624.78	2.00	14.26		0.00	0.05
85.00	12319	575.17	2.00	11.05		0.00	0.21
85.00	11721	550.55	0.00	13.15		0.00	0.13
85.00	11908	513.14	2.00	15.69		0.00	-0.25
85.00	11817	494.41	1.00	12.94		0.00	-0.02
85.00	11969	418.70	0.00	12.94		0.00	-0.09
85.00	12055	382.28	1.00	13.21		0.00	0.09
85.00	12161	303.31	2.00	11.71		0.00	-0.23
85.00	12242	274.05	0.00	12.48		0.00	0.05
85.00	12313	212.75	1.00	10.60		0.00	-0.20
85.00	12400	191.02	2.00	12.12		0.00	0.08
85.00	12486	168.66	0.00	15.00		0.00	0.21
85.00	12577	111.06	1.00	13.45		0.00	0.28
85.00	12643	73.38	2.00	11.92		0.00	-0.11
85.00	12719	38.63	0.00	13.28		0.00	0.47
86.00	11569	647.69	1.00	13.43		0.00	0.21
86.00	11645	639.05	2.00	14.26		0.00	-0.20
86.00	12319	586.22	2.00	11.09		0.00	0.19
86.00	11721	563.67	0.00	13.11		0.00	-0.09
86.00	11908	528.73	2.00	15.48		0.00	-0.09
86.00	11817	507.39	1.00	13.05		0.00	0.15
86.00	11969	431.62	0.00	12.89		0.00	-0.21
86.00	12055	395.44	1.00	13.17		0.00	0.09
86.00	12161	315.06	2.00	11.80		0.00	0.04
86.00	12242	286.60	0.00	12.56		0.00	-0.15
86.00	12313	223.29	1.00	10.49		0.00	-0.25
86.00	12400	203.17	2.00	12.13		0.00	-0.04
86.00	12486	183.80	0.00	15.22		0.00	0.10
86.00	12577	124.53	1.00	13.49		0.00	0.11
86.00	12643	85.21	2.00	11.79		0.00	0.07
86.00	12719	52.05	0.00	13.58		0.00	0.45
86.00	12795	12.56	1.00	12.64		0.00	0.25
87.00	11569	661.10	1.00	13.35		0.00	-0.24
87.00	11645	653.22	2.00	14.08		0.00	-0.15
87.00	12319	597.29	2.00	11.03		0.00	0.02
87.00	11721	576.81	0.00	13.15		0.00	-0.09
87.00	11908	544.17	2.00	15.33		0.00	-0.24
87.00	11817	520.48	1.00	13.10		0.00	-0.06
87.00	11969	444.58	0.00	12.99		0.00	0.05
87.00	12055	408.62	1.00	13.24		0.00	0.02
87.00	12161	326.85	2.00	11.73		0.00	-0.11
87.00	12242	299.15	0.00	12.49		0.00	-0.13
87.00	12313	233.73	1.00	10.40		0.00	0.01
87.00	12400	215.28	2.00	12.15		0.00	0.01
87.00	12486	199.07	0.00	15.36		0.00	0.30
87.00	12577	138.11	1.00	13.61		0.00	0.02
87.00	12643	96.96	2.00	11.69		0.00	-0.28
87.00	12719	65.72	0.00	13.82		0.00	0.27
87.00	12795	25.30	1.00	12.82		0.00	0.16
88.00	11569	674.45	1.00	13.39		0.00	0.06
88.00	11645	667.32	2.00	14.08		0.00	-0.12
88.00	12319	608.32	2.00	11.05		0.00	-0.08
88.00	11721	589.99	0.00	13.15		0.00	-0.10
88.00	11908	559.41	2.00	15.18		0.00	0.05
88.00	11817	533.54	1.00	13.07		0.00	-0.00
88.00	11969	457.57	0.00	13.04		0.00	0.19
88.00	12055	421.81	1.00	13.10		0.00	-0.24
88.00	12161	338.56	2.00	11.71		0.00	0.19
88.00	12242	311.63	0.00	12.49		0.00	-0.09
88.00	12313	244.15	1.00	10.45		0.00	0.16
88.00	12400	227.51	2.00	12.29		0.00	0.12
88.00	12486	214.51	0.00	15.47		0.00	0.03
88.00	12577	151.80	1.00	13.73		0.00	0.01
88.00	12643	108.59	2.00	11.63		0.00	0.21
88.00	12719	79.70	0.00	14.08		0.00	0.02
88.00	12795	38.23	1.00	13.05		0.00	0.31
89.00	11569	687.94	1.00	13.58		0.00	0.15
89.00	11645	681.38	2.00	14.12		0.00	0.20
89.00	12319	619.46	2.00	11.17		0.00	0.04
89.00	11721	603.13	0.00	13.10		0.00	-0.11
89.00	11908	574.53	1.92	15.12		-0.01	0.17
89.00	11817	546.57	1.00	12.99		0.00	-0.23
89.00	11969	470.61	0.00	13.00		0.00	-0.24
89.00	12055	434.96	1.00	13.21		0.00	0.23
89.00	12161	350.27	2.00	11.74		0.00	0.01
89.00	12242	324.13	0.00	12.52		0.00	0.07
89.00	12313	254.66	1.00	10.55		0.00	0.13
89.00	12400	239.78	2.00	12.23		0.00	-0.27
89.00	12486	230.00	0.00	15.53		0.00	-0.02
89.00	12577	165.56	1.00	13.81		0.00	0.24
89.00	12643	120.22	2.00	11.58		0.00	-0.23
89.00	12719	93.97	0.00	14.38		0.00	0.21
89.00	12795	51.33	1.00	13.13		0.00	-0.01
90.00	12319	630.67	2.00	11.22		0.00	0.02
90.00	11721	616.19	0.00	13.03		0.00	0.12
90.00	11908	589.68	1.60	15.22		-0.03	0.06
90.00	11817	559.57	1.00	13.06		0.00	0.17
90.00	11969	483.56	0.00	13.00		0.00	0.18
90.00	12055	448.21	1.00	13.23		0.00	-0.01
90.00	12161	362.03	2.00	11.76		0.00	-0.17
90.00	12242	336.71	0.00	12.60		0.00	-0.12
90.00	12313	265.17	1.00	10.46		0.00	-0.23
90.00	12400	251.99	2.00	12.24		0.00	0.17
90.00	12486	245.59	0.00	15.67		0.00	-0.02
90.00	12577	179.43	1.00	13.86		0.00	-0.08
90.00	12643	131.79	2.00	11.58		0.00	-0.04
90.00	12719	108.41	0.00	14.58		0.00	0.43
90.00	12795	64.50	1.00	13.24		0.00	-0.07
90.00	12897	12.51	2.00	12.53		0.00	-0.02
91.00	12319	641.82	2.00	11.12		0.00	-0.08
91.00	11721	629.23	0.00	13.02		0.00	-0.04
91.00	11908	604.95	1.18	15.29		-0.02	0.00
91.00	11817	572.63	1.00	13.04		0.00	-0.06
91.00	11969	496.56	0.00	13.00		0.00	0.08
91.00	12055	461.44	1.00	13.24		0.00	0.09
91.00	12161	373.82	2.00	11.76		0.00	-0.09
91.00	12242	349.31	0.00	12.57		0.00	0.08
91.00	12313	275.60	1.00	10.37		0.00	-0.20
91.00	12400	264.19	2.00	12.16		0.00	0.03
91.00	12486	261.31	0.00	15.81		0.00	0.32
91.00	12577	193.30	1.00	13.92		0.00	0.26
91.00	12643	143.37	2.00	11.53		0.00	-0.02
91.00	12719	123.07	0.00	14.76		0.00	0.18
91.00	12795	77.85	1.00	13.46		0.00	0.23
91.00	12897	24.98	2.00	12.35		0.00	-0.32
92.00	12319	652.98	2.00	11.20		0.00	0.06
92.00	11721	642.25	0.00	13.08		0.00	0.18
92.00	11908	620.27	1.00	15.32		-0.00	-0.17
92.00	11817	585.70	1.00	13.07		0.00	-0.24
92.00	11969	509.64	0.00	13.13		0.00	0.07
92.00	12055	474.63	1.00	13.19		0.00	0.16
92.00	12161	385.55	2.00	11.71		0.00	-0.01
92.00	12242	361.83	0.00	12.51		0.00	0.03
92.00	12313	285.94	1.00	10.37		0.00	0.08
92.00	12486	277.18	0.00	15.95		0.00	0.30
92.00	12400	276.27	2.00	12.06		0.00	0.07
92.00	12577	207.23	1.00	13.94		0.00	0.07
92.00	12643	154.91	2.00	11.55		0.00	0.14
92.00	12719	137.96	0.00	15.00		0.00	0.40
92.00	12795	91.38	1.00	13.62		0.00	0.25
92.00	12897	37.24	2.00	12.19		0.00	-0.17
93.00	12319	664.23	2.00	11.25		0.00	0.17
93.00	11721	655.39	0.00	13.18		0.00	-0.08
93.00	11908	635.63	1.00	15.39		0.00	-0.00
93.00	11817	598.80	1.00	13.17		0.00	0.22
93.00	11969	522.84	0.00	13.28		0.00	0.19
93.00	12055	487.77	1.00	13.14		0.00	0.18
93.00	12161	397.20	2.00	11.61		0.00	-0.05
93.00	12242	374.38	0.00	12.60		0.00	0.25
93.00	12313	296.28	1.00	10.26		0.00	-0.20
93.00	12486	293.19	0.00	16.12		0.00	0.29
93.00	12400	288.36	2.00	12.14		0.00	0.17
93.00	12577	221.20	1.00	14.03		0.00	0.17
93.00	12643	166.45	2.00	11.50		0.00	-0.19
93.00	12719	152.97	0.00	15.06		0.00	0.35
93.00	12795	105.09	1.00	13.78		0.00	0.11
93.00	12897	49.39	2.00	12.07		0.00	-0.30
93.00	12993	2.50	0.00	12.50		0.00	0.00
94.00	12319	675.50	2.00	11.28		0.00	0.17
94.00	11721	668.54	0.00	13.13		0.00	-0.17
94.00	11908	651.00	1.00	15.40		0.00	-0.03
94.00	11817	611.94	1.00	13.13		0.00	0.21
94.00	11969	536.11	0.00	13.29		0.00	0.12
94.00	12055	500.89	1.00	13.07		0.00	-0.10
94.00	12161	408.85	2.00	11.67		0.00	-0.11
94.00	12242	387.04	0.00	12.68		0.00	0.04
94.00	12486	309.31	0.00	16.14		0.00	0.27
94.00	12313	306.57	1.00	10.31		0.00	-0.21
94.00	12400	300.50	2.00	12.12		0.00	-0.26
94.00	12577	235.21	1.00	14.05		0.00	0.27
94.00	12643	177.94	2.00	11.46		0.00	-0.18
94.00	12719	168.05	0.00	15.12		0.00	0.13
94.00	12795	118.95	1.00	13.96		0.00	0.12
94.00	12897	61.38	2.00	11.97		0.00	0.06
94.00	12993	15.13	0.00	12.71		0.00	0.26
95.00	12319	686.70	2.00	11.17		0.00	0.07
95.00	11721	681.70	0.00	13.17		0.00	-0.09
95.00	11908	666.42	1.00	15.44		0.00	0.23
95.00	11817	625.10	1.00	13.17		0.00	-0.09
95.00	11969	549.31	0.00	13.16		0.00	0.13
95.00	12055	513.93	1.00	13.03		0.00	-0.09
95.00	12161	420.51	2.00	11.64		0.00	-0.20
95.00	12242	399.75	0.00	12.76		0.00	0.08
95.00	12486	325.53	0.00	16.29		0.00	-0.06
95.00	12313	316.91	1.00	10.30		0.00	-0.14
95.00	12400	312.54	2.00	12.02		0.00	0.18
95.00	12577	249.29	1.00	14.04		0.00	-0.13
95.00	12643	189.39	2.00	11.39		0.00	-0.17
95.00	12719	183.26	0.00	15.28		0.00	0.24
95.00	12795	132.92	1.00	14.01		0.00	0.30
95.00	12897	73.32	2.00	11.93		0.00	0.02
95.00	12993	27.98	0.00	13.01		0.00	0.23
96.00	11908	681.92	1.00	15.49		0.00	-0.03
96.00	11817	638.28	1.00	13.22		0.00	-0.00
96.00	11969	562.49	0.00	13.18		0.00	0.24
96.00	12055	526.94	1.00	13.02		0.00	0.23
96.00	12821	488.05	3.00	13.32		0.00	-0.38
96.00	12161	432.07	2.00	11.48		0.00	-0.14
96.00	12242	412.49	0.00	12.72		0.00	0.01
96.00	12486	341.88	0.00	16.45		0.00	0.26
96.00	12313	327.23	1.00	10.30		0.00	-0.07
96.00	12400	324.54	2.00	11.95		0.00	-0.22
96.00	12577	263.43	1.00	14.23		0.00	0.26
96.00	12643	200.72	2.00	11.26		0.00	-0.14
96.00	12719	198.67	0.00	15.52		0.00	0.36
96.00	12795	146.99	1.00	14.12		0.00	0.06
96.00	12897	85.17	2.00	11.84		0.00	0.10
96.00	12993	41.12	0.00	13.22		0.00	-0.02
96.00	13049	12.61	1.00	12.73		0.00	0.05
97.00	11817	651.52	1.00	13.26		0.00	0.17
97.00	11969	575.74	0.00	13.29		0.00	-0.00
97.00	12055	540.05	1.00	13.18		0.00	0.10
97.00	12821	501.46	2.88	13.54		-0.02	0.39
97.00	12161	443.64	2.00	11.61		0.00	-0.11
97.00	12242	425.19	0.00	12.66		0.00	0.02
97.00	12486	358.40	0.00	16.53		0.00	-0.13
97.00	12313	337.49	1.00	10.28		0.00	0.12
97.00	12400	336.46	2.00	11.88		0.00	-0.12
97.00	12577	277.68	1.00	14.31		0.00	0.07
97.00	12719	214.24	0.00	15.63		0.00	0.04
97.00	12643	211.91	2.00	11.14		0.00	-0.05
97.00	12795	161.22	1.00	14.35		0.00	0.30
97.00	12897	97.02	2.00	11.86		0.00	0.02
97.00	12993	54.46	0.00	13.41		0.00	0.08
97.00	13049	25.46	1.00	12.97		0.00	0.26
98.00	11817	664.77	1.00	13.20		0.00	-0.24
98.00	11969	589.04	0.00	13.22		0.00	-0.24
98.00	12055	553.23	1.00	13.15		0.00	-0.23
98.00	12821	515.07	2.50	13.75		-0.04	0.40
98.00	12161	455.30	2.00	11.68		0.00	0.01
98.00	12242	437.81	0.00	12.62		0.00	0.00
98.00	12486	375.00	0.00	16.61		0.00	-0.02
98.00	12400	348.30	2.00	11.85		0.00	-0.08
98.00	12313	347.80	1.00	10.27		0.00	-0.18
98.00	12577	292.00	1.00	14.30		0.00	-0.07
98.00	12719	229.87	0.00	15.64		0.00	0.00
98.00	12643	223.09	2.00	11.23		0.00	0.05
98.00	12795	175.61	1.00	14.45		0.00	0.09
98.00	12897	108.81	2.00	11.71		0.00	-0.19
98.00	12993	67.93	0.00	13.55		0.00	0.29
98.00	13049	38.50	1.00	13.12		0.00	0.26
99.00	11817	677.91	1.00	13.16		0.00	-0.09
99.00	11969	602.29	0.00	13.23		0.00	-0.13
99.00	12055	566.33	1.00	13.06		0.00	-0.11
99.00	12821	528.88	2.13	13.88		-0.02	0.02
99.00	12161	467.06	2.00	11.81		0.00	0.12
99.00	12242	450.42	0.00	12.62		0.00	0.20
99.00	12486	391.60	0.00	16.60		0.00	-0.02
99.00	12400	360.18	2.00	11.90		0.00	0.04
99.00	12313	358.09	1.00	10.25		0.00	-0.17
99.00	12577	306.24	1.00	14.17		0.00	-0.05
99.00	12719	245.51	0.00	15.67		0.00	-0.03
99.00	12643	234.33	2.00	11.32		0.00	0.13
99.00	12795	190.10	1.00	14.54		0.00	-0.02
99.00	12897	120.50	2.00	11.74		0.00	0.12
99.00	12993	81.64	0.00	13.80		0.00	-0.02
99.00	13049	51.71	1.00	13.32		0.00	0.39
99.00	13130	10.04	2.00	12.59		0.00	-0.09
100.00	11817	691.03	1.00	13.10		0.00	-0.13
100.00	11969	615.53	0.00	13.19		0.00	-0.18
100.00	12055	579.48	1.00	13.18		0.00	-0.12
100.00	12821	542.82	2.00	13.99		0.00	0.23
100.00	12161	478.83	2.00	11.72		0.00	-0.11
100.00	12242	463.02	0.00	12.60		0.00	-0.23
100.00	12486	408.13	0.00	16.51		0.00	-0.00
100.00	12400	372.06	2.00	11.86		0.00	-0.03
100.00	12313	368.30	1.00	10.16		0.00	-0.05
100.00	12577	320.46	1.04	14.29		0.01	0.24
100.00	12719	261.27	0.00	15.84		0.00	0.20
100.00	12643	245.68	2.00	11.31		0.00	-0.19
100.00	12795	204.72	1.00	14.62		0.00	-0.18
100.00	12897	132.16	2.00	11.67		0.00	0.19
100.00	12993	95.53	0.00	13.93		0.00	-0.04
100.00	13049	65.13	1.00	13.53		0.00	0.44
100.00	13130	22.67	2.00	12.67		0.00	0.11
101.00	11969	628.75	0.00	13.17		0.00	-0.22
101.00	12055	592.59	1.00	13.07		0.00	-0.21
101.00	12821	556.92	2.00	14.18		0.00	0.18
101.00	12161	490.60	2.00	11.78		0.00	0.18
101.00	12242	475.60	0.00	12.60		0.00	0.14
101.00	12486	424.58	0.00	16.39		0.00	0.01
101.00	12400	383.94	2.00	11.91		0.00	0.22
101.00	12313	378.52	1.00	10.31		0.00	0.21
101.00	12577	334.77	1.32	14.36		0.03	0.18
101.00	12719	277.14	0.00	15.90		0.00	0.19
101.00	12643	256.95	2.00	11.31		0.00	0.09
101.00	12795	219.37	1.00	14.69		0.00	0.25
101.00	12897	143.90	2.00	11.79		0.00	0.08
101.00	12993	109.52	0.00	14.07		0.00	-0.04
101.00	13049	78.79	1.00	13.75		0.00	0.23
101.00	13130	35.39	2.00	12.81		0.00	0.27
102.00	11969	641.92	0.00	13.14		0.00	-0.22
102.00	12055	605.65	1.00	13.02		0.00	-0.18
102.00	12821	571.17	2.00	14.35		0.00	0.28
102.00	12161	502.41	2.00	11.83		0.00	0.05
102.00	12242	488.19	0.00	12.62		0.00	0.09
102.00	12486	440.94	0.02	16.39		0.01	0.10
102.00	12400	395.81	2.00	11.83		0.00	-0.12
102.00	12313	388.86	1.00	10.41		0.00	0.21
102.00	12577	349.14	1.75	14.39		0.02	0.06
102.00	12719	293.08	0.00	15.95		0.00	-0.11
102.00	12643	268.26	2.00	11.26		0.00	-0.20
102.00	12795	234.07	1.00	14.71		0.00	-0.11
102.00	12897	155.65	2.00	11.72		0.00	0.05
102.00	12993	123.73	0.00	14.33		0.00	0.27
102.00	13049	92.62	1.00	13.95		0.00	0.29
102.00	13130	48.20	2.00	12.77		0.00	-0.16
103.00	11969	655.00	0.00	13.04		0.00	0.00
103.00	12055	618.72	1.00	13.07		0.00	-0.07
103.00	12821	585.58	2.00	14.50		0.00	0.35
103.00	12161	514.30	2.00	11.87		0.00	-0.21
103.00	12242	500.78	0.00	12.64		0.00	0.17
103.00	12486	457.37	0.24	16.44		0.02	-0.12
103.00	12400	407.67	2.00	11.92		0.00	0.20
103.00	12313	399.20	1.00	10.32		0.00	0.20
103.00	12577	363.55	1.98	14.41		0.01	0.04
103.00	12719	309.08	0.00	16.05		0.00	0.20
103.00	12643	279.53	2.00	11.25		0.00	0.12
103.00	12795	248.80	1.00	14.72		0.00	-0.13
103.00	12897	167.38	2.00	11.73		0.00	-0.05
103.00	12993	138.13	0.00	14.46		0.00	0.09
103.00	13049	106.56	1.00	13.98		0.00	0.21
103.00	13130	61.05	2.00	12.91		0.00	0.08
103.00	13236	7.52	0.00	12.63		0.00	0.39
104.00	11969	668.08	0.00	13.07		0.00	-0.21
104.00	12055	631.82	1.00	13.16		0.00	0.16
104.00	12821	600.15	2.00	14.62		0.00	0.25
104.00	12161	526.24	2.00	11.99		0.00	0.13
104.00	12242	513.37	0.00	12.52		0.00	-0.18
104.00	12486	473.75	0.68	16.41		0.02	0.17
104.00	12400	419.62	2.00	11.93		0.00	-0.09
104.00	12313	409.49	1.00	10.35		0.00	0.17
104.00	12577	377.93	2.00	14.34		0.00	-0.08
104.00	12719	325.18	0.00	16.11		0.00	0.04
104.00	12643	290.80	2.00	11.25		0.00	-0.11
104.00	12795	263.54	1.00	14.76		0.00	0.11
104.00	12897	179.05	2.00	11.57		0.00	-0.24
104.00	12993	152.66	0.00	14.62		0.00	0.15
104.00	13049	120.63	1.00	14.14		0.00	-0.08
104.00	13130	73.98	2.00	12.97		0.00	0.06
104.00	13236	20.26	0.00	12.87		0.00	0.19
105.00	11969	681.15	0.00	13.06		0.00	0.07
105.00	12055	644.91	1.00	13.05		0.00	-0.06
105.00	12821	614.86	2.00	14.71		0.00	-0.15
105.00	12161	538.19	2.00	11.95		0.00	0.17
105.00	12242	525.94	0.00	12.65		0.00	0.15
105.00	12486	490.23	0.96	16.49		0.01	-0.19
105.00	12400	431.62	2.00	12.04		0.00	0.08
105.00	12313	419.81	1.00	10.25		0.00	-0.16
105.00	12577	392.18	2.00	14.21		0.00	0.07
105.00	12719	341.25	0.00	16.04		0.00	-0.12
105.00	12643	302.00	2.00	11.13		0.00	-0.20
105.00	12795	278.34	1.00	14.81		0.00	-0.14
105.00	12897	190.66	2.00	11.64		0.00	-0.06
105.00	12993	167.34	0.00	14.75		0.00	0.09
105.00	13049	134.84	1.00	14.24		0.00	0.17
105.00	13130	86.95	2.00	12.99		0.00	0.05
105.00	13236	33.28	0.00	13.08		0.00	0.15
106.00	12055	657.92	1.00	12.97		0.00	-0.14
106.00	12821	629.59	2.00	14.74		0.00	-0.12
106.00	12161	550.19	2.00	12.04		0.00	0.11
106.00	12242	538.55	0.00	12.54		0.00	-0.24
106.00	12486	506.72	1.00	16.47		0.00	-0.05
106.00	12400	443.66	2.00	12.02		0.00	-0.07
106.00	12313	430.06	1.00	10.24		0.00	-0.08
106.00	12577	406.31	2.00	14.09		0.00	0.05
106.00	12719	357.42	0.00	16.29		0.00	0.26
106.00	12643	313.09	2.00	11.03		0.00	-0.16
106.00	12795	293.08	1.00	14.71		0.00	-0.08
106.00	12897	202.28	2.00	11.59		0.00	-0.11
106.00	12993	182.13	0.00	14.85		0.00	0.05
106.00	13049	149.16	1.00	14.42		0.00	0.33
106.00	13130	99.97	2.00	13.05		0.00	0.22
106.00	13236	46.50	0.00	13.38		0.00	0.36
106.00	13307	9.96	1.00	12.35		0.00	-0.35
107.00	12055	670.91	1.00	13.01		0.00	0.01
107.00	12821	644.30	2.00	14.71		0.00	0.03
107.00	12161	562.24	2.00	12.05		0.00	0.05
107.00	12242	551.09	0.00	12.51		0.00	-0.04
107.00	12486	523.17	1.00	16.44		0.00	0.08
107.00	12400	455.71	2.00	12.11		0.00	0.12
107.00	12313	440.33	1.00	10.32		0.00	0.17
107.00	12577	420.29	2.00	13.95		0.00	0.08
107.00	12719	373.76	0.00	16.40		0.00	-0.05
107.00	12643	324.13	2.00	11.05		0.00	0.09
107.00	12795	307.84	1.00	14.81		0.00	0.15
107.00	12897	213.79	2.00	11.52		0.00	0.17
107.00	12993	197.04	0.00	15.03		0.00	0.29
107.00	13049	163.65	1.00	14.59		0.00	0.30
107.00	13130	113.00	2.00	13.02		0.00	0.10
107.00	13236	60.00	0.00	13.63		0.00	0.32
107.00	13307	22.29	1.00	12.25		0.00	-0.27
108.00	12055	683.92	1.00	12.97		0.00	-0.16
108.00	12821	659.05	2.00	14.79		0.00	0.23
108.00	12161	574.20	2.00	11.88		0.00	-0.23
108.00	12242	563.61	0.00	12.51		0.00	-0.19
108.00	12486	539.64	1.00	16.51		0.00	0.23
108.00	12400	467.89	2.00	12.17		0.00	-0.07
108.00	12313	450.67	1.00	10.38		0.00	0.13
108.00	12577	434.13	2.00	13.76		0.00	0.11
108.00	12719	390.20	0.00	16.47		0.00	-0.01
108.00	12643	335.12	2.00	11.02		0.00	0.20
108.00	12795	322.69	1.00	14.86		0.00	0.00
108.00	12897	225.33	2.00	11.57		0.00	0.03
108.00	12993	212.08	0.00	15.07		0.00	0.03
108.00	13049	178.32	1.00	14.75		0.00	-0.02
108.00	13130	126.05	2.00	13.09		0.00	0.06
108.00	13236	73.71	0.00	13.80		0.00	0.19
108.00	13307	34.46	1.00	12.12		0.00	-0.16
109.00	12821	673.95	2.00	14.94		0.00	-0.15
109.00	12161	586.06	2.00	11.85		0.00	0.21
109.00	12242	576.13	0.00	12.50		0.00	0.06
109.00	12486	556.11	1.00	16.50		0.00	0.20
109.00	12400	480.09	2.00	12.24		0.00	0.09
109.00	12313	461.14	1.00	10.52		0.00	0.02
109.00	12577	447.76	2.00	13.50		0.00	-0.32
109.00	12719	406.69	0.00	16.42		0.00	-0.18
109.00	12643	346.20	2.00	11.14		0.00	0.07
109.00	12795	337.52	1.00	14.75		0.00	-0.20
109.00	12897	236.87	2.00	11.54		0.00	0.07
109.00	12993	227.17	0.00	15.12		0.00	-0.11
109.00	13049	193.14	1.00	14.86		0.00	0.10
109.00	13130	139.19	2.00	13.17		0.00	-0.02
109.00	13236	87.56	0.00	13.89		0.00	0.17
109.00	13307	46.62	1.00	12.14		0.00	-0.18
110.00	12821	688.96	2.00	15.01		0.00	-0.13
110.00	12161	597.93	2.00	11.92		0.00	0.21
110.00	12242	588.66	0.00	12.54		0.00	-0.04
110.00	12486	572.67	1.00	16.59		0.00	-0.10
110.00	12400	492.31	2.00	12.27		0.00	0.19
110.00	12313	471.60	1.00	10.45		0.00	0.07
110.00	12577	461.21	2.00	13.34		0.00	-0.36
110.00	12719	423.16	0.00	16.50		0.00	0.22
110.00	12643	357.28	2.00	11.10		0.00	0.02
110.00	12795	352.28	1.00	14.76		0.00	-0.17
110.00	12897	248.31	2.00	11.36		0.00	-0.05
110.00	12993	242.35	0.00	15.21		0.00	0.19
110.00	13049	208.10	1.00	15.04		0.00	0.09
110.00	13130	152.34	2.00	13.15		0.00	-0.06
110.00	13236	101.50	0.00	14.01		0.00	-0.01
110.00	13307	58.71	1.00	12.07		0.00	-0.07
110.00	13408	10.00	2.00	12.55		0.00	0.31
111.00	12161	609.84	2.00	11.85		0.00	-0.19
111.00	12242	601.20	0.00	12.53		0.00	-0.01
111.00	12486	589.26	1.00	16.63		0.00	0.12
111.00	12400	504.55	2.00	12.25		0.00	-0.09
111.00	12313	482.12	1.00	10.50		0.00	-0.22
111.00	12577	474.46	2.00	13.18		0.00	-0.17
111.00	12719	439.70	0.00	16.56		0.00	0.01
111.00	12643	368.40	2.00	11.09		0.00	-0.21
111.00	12795	367.06	1.00	14.82		0.00	0.16
111.00	12897	259.66	2.00	11.26		0.00	-0.18
111.00	12993	257.60	0.00	15.27		0.00	0.20
111.00	13049	223.23	1.00	15.17		0.00	0.01
111.00	13130	165.49	2.00	13.13		0.00	-0.07
111.00	13236	115.57	0.00	14.14		0.00	0.26
111.00	13307	70.71	1.00	11.97		0.00	0.07
111.00	13408	22.60	2.00	12.65		0.00	0.15
112.00	12161	621.61	2.00	11.72		0.00	0.06
112.00	12242	613.71	0.00	12.47		0.00	-0.23
112.00	12486	605.91	1.00	16.63		0.00	-0.10
112.00	12400	516.80	2.00	12.19		0.00	-0.16
112.00	12313	492.57	1.00	10.35		0.00	-0.15
112.00	12577	487.53	2.00	13.01		0.00	0.13
112.00	12719	456.36	0.00	16.72		0.00	0.06
112.00	12795	381.87	1.00	14.89		0.00	0.27
112.00	12643	379.48	2.00	11.02		0.00	-0.14
112.00	12993	272.93	0.00	15.34		0.00	-0.01
112.00	12897	270.96	2.00	11.31		0.00	-0.06
112.00	13049	238.40	1.00	15.18		0.00	0.09
112.00	13130	178.68	2.00	13.24		0.00	0.20
112.00	13236	129.80	0.00	14.32		0.00	0.09
112.00	13307	82.65	1.00	11.94		0.00	0.04
112.00	13408	35.28	2.00	12.69		0.00	-0.01
112.00	13464	7.51	0.00	12.51		0.00	-0.06
113.00	12161	633.33	2.00	11.72		0.00	-0.08
113.00	12242	626.19	0.00	12.43		0.00	0.01
113.00	12486	622.54	1.00	16.65		0.00	0.26
113.00	12400	528.96	2.00	12.12		0.00	-0.22
113.00	12313	502.88	1.00	10.29		0.00	0.00
113.00	12577	500.46	2.00	12.86		0.00	-0.09
113.00	12719	473.19	0.00	16.95		0.00	0.28
113.00	12795	396.77	1.00	14.92		0.00	0.08
113.00	12643	390.51	2.00	11.04		0.00	-0.03
113.00	12993	288.28	0.00	15.42		0.00	0.24
113.00	12897	282.25	2.00	11.32		0.00	0.10
113.00	13049	253.62	1.00	15.24		0.00	0.05
113.00	13130	191.97	2.00	13.29		0.00	0.03
113.00	13236	144.14	0.00	14.43		0.00	0.18
113.00	13307	94.61	1.00	11.99		0.00	-0.02
113.00	13408	47.97	2.00	12.73		0.00	0.27
113.00	13464	20.06	0.00	12.63		0.00	0.24
114.00	12161	645.08	2.00	11.74		0.00	-0.09
114.00	12486	639.25	1.00	16.74		0.00	-0.15
114.00	12242	638.59	0.00	12.44		0.00	0.19
114.00	12400	541.02	2.00	12.07		0.00	0.20
114.00	12313	513.25	1.00	10.37		0.00	-0.05
114.00	12577	513.25	2.00	12.71		0.00	-0.27
114.00	12719	490.21	0.00	17.01		0.00	-0.02
114.00	12795	411.76	1.00	15.08		0.00	0.23
114.00	12643	401.57	2.00	11.05		0.00	0.06
114.00	12993	303.77	0.00	15.47		0.00	-0.07
114.00	12897	293.50	2.00	11.24		0.00	0.03
114.00	13049	268.91	1.00	15.31		0.00	0.02
114.00	13130	205.24	2.00	13.25		0.00	-0.05
114.00	13236	158.61	0.00	14.56		0.00	0.31
114.00	13307	106.59	1.00	12.03		0.00	0.08
114.00	13408	60.77	2.00	12.85		0.00	0.06
114.00	13464	32.69	0.00	12.66		0.00	0.14
115.00	12161	656.78	2.00	11.66		0.00	-0.04
115.00	12486	656.07	1.00	16.85		0.00	-0.09
115.00	12242	651.04	0.00	12.43		0.00	-0.22
115.00	12400	553.13	2.00	12.19		0.00	0.17
115.00	12577	525.87	2.00	12.59		0.00	0.18
115.00	12313	523.64	1.00	10.39		0.00	-0.16
115.00	12719	507.19	0.00	16.97		0.00	-0.05
115.00	12795	426.85	1.00	15.13		0.00	0.07
115.00	12643	412.64	2.00	11.08		0.00	-0.01
115.00	12993	319.24	0.00	15.50		0.00	0.27
115.00	12897	304.73	2.00	11.18		0.00	-0.16
115.00	13049	284.25	1.00	15.41		0.00	0.18
115.00	13130	218.51	2.00	13.31		0.00	-0.01
115.00	13236	173.25	0.00	14.71		0.00	0.12
115.00	13307	118.55	1.00	11.91		0.00	-0.04
115.00	13408	73.61	2.00	12.87		0.00	0.14
115.00	13464	45.41	0.00	12.79		0.00	0.09
116.00	12486	672.95	1.00	16.90		0.00	0.08
116.00	12161	668.43	2.00	11.70		0.00	0.26
116.00	12242	663.46	0.00	12.43		0.00	0.02
116.00	12400	565.31	2.00	12.16		0.00	-0.04
116.00	12577	538.45	2.00	12.53		0.00	-0.27
116.00	12313	534.05	1.00	10.40		0.00	-0.16
116.00	12719	524.15	0.00	16.93		0.00	-0.07
116.00	12795	441.96	1.00	15.06		0.00	-0.09
116.00	12643	423.74	2.00	11.10		0.00	-0.08
116.00	12993	334.83	0.00	15.66		0.00	0.24
116.00	12897	315.90	2.00	11.18		0.00	0.14
116.00	13049	299.69	1.00	15.47		0.00	-0.16
116.00	13130	231.81	2.00	13.36		0.00	0.19
116.00	13236	188.06	0.00	14.90		0.00	0.16
116.00	13307	130.48	1.00	11.92		0.00	-0.24
116.00	13408	86.47	2.00	12.83		0.00	-0.04
116.00	13464	58.27	0.00	12.89		0.00	0.10
116.00	13565	7.50	1.00	12.50		0.00	-0.01
117.00	12486	689.79	1.00	16.84		0.00	0.02
117.00	12161	680.09	2.00	11.68		0.00	0.24
117.00	12242	675.83	0.00	12.38		0.00	0.20
117.00	12400	577.43	2.00	12.04		0.00	-0.11
117.00	12577	550.93	2.00	12.43		0.00	0.04
117.00	12313	544.41	1.00	10.36		0.00	0.09
117.00	12719	541.10	0.00	16.96		0.00	-0.06
117.00	12795	457.04	1.00	15.07		0.00	-0.08
117.00	12643	434.81	2.00	11.04		0.00	-0.19
117.00	12993	350.58	0.00	15.85		0.00	0.29
117.00	12897	327.10	2.00	11.17		0.00	-0.22
117.00	13049	315.28	1.00	15.72		0.00	0.25
117.00	13130	245.21	2.00	13.42		0.00	0.16
117.00	13236	203.05	0.00	15.06		0.00	0.20
117.00	13307	142.40	1.00	11.94		0.00	0.11
117.00	13408	99.33	2.00	12.88		0.00	0.11
117.00	13464	71.22	0.00	13.00		0.00	0.29
117.00	13565	20.08	1.00	12.62		0.00	-0.12
118.00	12161	691.74	2.00	11.61		0.00	0.00
118.00	12242	688.26	0.00	12.42		0.00	-0.06
118.00	12400	589.47	2.00	12.09		0.00	0.21
118.00	12577	563.35	2.00	12.36		0.00	-0.13
118.00	12719	558.15	0.00	17.08		0.00	-0.03
118.00	12313	554.73	1.00	10.28		0.00	-0.03
118.00	12795	472.13	1.00	15.13		0.00	0.24
118.00	12643	445.85	2.00	11.09		0.00	0.22
118.00	12993	366.51	0.00	15.97		0.00	0.02
118.00	12897	338.31	2.00	11.19		0.00	-0.08
118.00	13049	331.01	1.00	15.69		0.00	-0.16
118.00	13130	258.58	2.00	13.35		0.00	-0.07
118.00	13236	218.16	0.00	15.19		0.00	-0.02
118.00	13307	154.29	1.00	11.84		0.00	-0.22
118.00	13408	112.27	2.00	12.96		0.00	-0.18
118.00	13464	84.27	0.00	13.08		0.00	0.08
118.00	13565	32.77	1.00	12.79		0.00	0.04
119.00	12400	601.54	2.00	12.05		0.00	0.04
119.00	12577	575.65	2.00	12.26		0.00	-0.14
119.00	12719	575.19	0.00	17.06		0.00	0.27
119.00	12313	565.04	1.00	10.30		0.00	0.06
119.00	12795	487.28	1.00	15.16		0.00	-0.03
119.00	12643	456.94	2.00	11.14		0.00	0.15
119.00	12993	382.44	0.00	15.88		0.00	-0.15
119.00	12897	349.50	2.00	11.21		0.00	0.18
119.00	13049	346.70	1.00	15.77		0.00	0.22
119.00	13130	271.98	2.00	13.43		0.00	0.14
119.00	13236	233.42	0.00	15.33		0.00	0.08
119.00	13307	166.11	1.00	11.74		0.00	-0.14
119.00	13408	125.30	2.00	13.15		0.00	0.20
119.00	13464	97.34	0.00	13.17		0.00	0.29
119.00	13565	45.63	1.00	12.95		0.00	0.16
119.00	13642	7.51	2.00	12.53		0.00	-0.06
120.00	12400	613.66	2.00	12.10		0.00	-0.19
120.00	12719	592.24	0.00	17.03		0.00	0.06
120.00	12577	587.90	2.00	12.21		0.00	-0.08
120.00	12313	575.35	1.00	10.34		0.00	0.23
120.00	12795	502.37	1.00	15.08		0.00	0.02
120.00	12643	468.08	2.00	11.18		0.00	0.05
120.00	12993	398.28	0.00	15.81		0.00	-0.02
120.00	13049	362.50	1.00	15.83		0.00	0.06
120.00	12897	360.74	2.00	11.23		0.00	-0.09
120.00	13130	285.43	2.00	13.45		0.00	0.03
120.00	13236	248.76	0.00	15.41		0.00	0.33
120.00	13307	177.84	1.00	11.79		0.00	0.15
120.00	13408	138.52	2.00	13.25		0.00	0.06
120.00	13464	110.57	0.00	13.26		0.00	-0.00
120.00	13565	58.71	1.00	13.16		0.00	0.18
120.00	13642	20.03	2.00	12.55		0.00	0.01
121.00	12400	625.80	2.00	12.11		0.00	0.03
121.00	12719	609.31	0.00	17.08		0.00	0.05
121.00	12577	600.12	2.00	12.22		0.00	0.09
121.00	12313	585.65	1.00	10.28		0.00	-0.08
121.00	12795	517.50	1.00	15.17		0.00	-0.00
121.00	12643	479.20	2.00	11.09		0.00	0.11
121.00	12993	414.09	0.00	15.81		0.00	-0.10
121.00	13049	378.37	1.00	15.91		0.00	-0.00
121.00	12897	371.96	2.00	11.15		0.00	-0.14
121.00	13130	298.90	2.00	13.51		0.00	0.03
121.00	13236	264.25	0.00	15.49		0.00	-0.10
121.00	13307	189.58	1.00	11.71		0.00	-0.05
121.00	13408	151.74	2.00	13.17		0.00	-0.01
121.00	13464	123.81	0.00	13.26		0.00	0.15
121.00	13565	71.94	1.00	13.23		0.00	-0.16
121.00	13642	32.60	2.00	12.57		0.00	-0.18
122.00	12400	637.90	2.00	12.12		0.00	-0.06
122.00	12719	626.42	0.00	17.15		0.00	0.07
122.00	12577	612.34	2.00	12.17		0.00	-0.13
122.00	12313	595.95	1.00	10.34		0.00	0.14
122.00	12795	532.62	1.00	15.11		0.00	-0.07
122.00	12643	490.25	2.00	11.10		0.00	0.24
122.00	12993	429.98	0.00	15.90		0.00	-0.13
122.00	13049	394.31	1.00	15.90		0.00	-0.16
122.00	12897	383.16	2.00	11.25		0.00	0.20
122.00	13130	312.44	2.00	13.58		0.00	0.13
122.00	13236	279.80	0.00	15.63		0.00	0.05
122.00	13307	201.29	1.00	11.74		0.00	0.17
122.00	13408	164.94	2.00	13.28		0.00	0.21
122.00	13464	137.07	0.00	13.30		0.00	0.31
122.00	13565	85.17	1.00	13.28		0.00	0.21
122.00	13642	45.19	2.00	12.64		0.00	0.12
122.00	13723	5.00	0.00	12.48		0.00	-0.08
123.00	12400	650.01	2.00	12.12		0.00	0.19
123.00	12719	643.62	0.00	17.27		0.00	0.26
123.00	12577	624.46	2.00	12.07		0.00	-0.08
123.00	12313	606.29	1.00	10.33		0.00	-0.10
123.00	12795	547.71	1.00	15.01		0.00	-0.30
123.00	12643	501.35	2.00	11.08		0.00	0.05
123.00	12993	445.89	0.00	15.95		0.00	0.28
123.00	13049	410.29	1.00	16.04		0.00	0.25
123.00	12897	394.38	2.00	11.26		0.00	0.19
123.00	13130	326.02	2.00	13.60		0.00	-0.10
123.00	13236	295.46	0.00	15.73		0.00	0.21
123.00	13307	212.93	1.00	11.55		0.00	-0.15
123.00	13408	178.19	2.00	13.20		0.00	-0.17
123.00	13464	150.44	0.00	13.46		0.00	0.16
123.00	13565	98.49	1.00	13.31		0.00	-0.01
123.00	13642	57.90	2.00	12.81		0.00	0.28
123.00	13723	17.42	0.00	12.36		0.00	-0.01
124.00	12400	662.09	2.00	12.10		0.00	0.13
124.00	12719	660.96	0.00	17.36		0.00	-0.04
124.00	12577	636.56	2.00	12.09		0.00	-0.02
124.00	12313	616.60	1.00	10.28		0.00	-0.19
124.00	12795	562.75	1.00	15.08		0.00	0.10
124.00	12643	512.49	2.00	11.17		0.00	0.18
124.00	12993	461.84	0.00	15.94		0.00	-0.19
124.00	13049	426.26	1.00	15.90		0.00	-0.10
124.00	12897	405.66	2.00	11.26		0.00	-0.06
124.00	13130	339.58	2.00	13.58		0.00	0.24
124.00	13236	311.17	0.00	15.75		0.00	0.20
124.00	13307	224.43	1.00	11.53		0.00	0.16
124.00	13408	191.43	2.00	13.29		0.00	0.18
124.00	13464	163.99	0.00	13.63		0.00	0.17
124.00	13565	111.86	1.00	13.44		0.00	0.01
124.00	13642	70.71	2.00	12.81		0.00	-0.12
124.00	13723	29.74	0.00	12.27		0.00	-0.08
125.00	12719	678.29	0.00	17.32		0.00	-0.09
125.00	12400	674.23	2.00	12.15		0.00	-0.07
125.00	12577	648.63	2.00	12.13		0.00	0.19
125.00	12313	626.95	1.00	10.40		0.00	0.10
125.00	12795	577.82	1.18	15.08		0.02	0.10
125.00	12643	523.68	2.00	11.22		0.00	0.11
125.00	12993	477.77	0.00	15.94		0.00	0.15
125.00	13049	442.18	1.00	16.00		0.00	0.16
125.00	12897	416.89	2.00	11.18		0.00	-0.12
125.00	13130	353.24	2.00	13.66		0.00	-0.10
125.00	13236	327.05	0.00	15.95		0.00	-0.04
125.00	13307	236.05	1.00	11.71		0.00	0.21
125.00	13408	204.74	2.00	13.34		0.00	0.28
125.00	13464	177.55	0.00	13.49		0.00	-0.19
125.00	13565	125.31	1.00	13.44		0.00	-0.11
125.00	13642	83.50	2.00	12.83		0.00	0.09
125.00	13723	41.91	0.00	12.14		0.00	0.12
125.00	13799	5.00	1.00	12.48		0.00	-0.10
126.00	12400	686.36	2.00	12.12		0.00	0.09
126.00	12577	660.75	2.00	12.12		0.00	0.10
126.00	12313	637.34	1.00	10.40		0.00	0.01
126.00	12795	592.96	1.59	15.19		0.03	0.05
126.00	12643	534.86	2.00	11.13		0.00	-0.19
126.00	12993	493.69	0.00	15.94		0.00	-0.04
126.00	13571	492.81	2.98	13.33		-0.01	-0.23
126.00	13049	458.17	1.00	15.94		0.00	-0.09
126.00	12897	428.11	2.00	11.22		0.00	0.01
126.00	13130	366.87	2.00	13.59		0.00	-0.22
126.00	13236	342.99	0.00	15.93		0.00	-0.14
126.00	13307	247.75	1.00	11.69		0.00	0.02
126.00	13408	218.15	2.00	13.53		0.00	0.27
126.00	13464	191.11	0.00	13.59		0.00	0.10
126.00	13565	138.75	1.00	13.46		0.00	0.01
126.00	13642	96.39	2.00	12.96		0.00	0.22
126.00	13723	53.95	0.00	11.95		0.00	-0.34
126.00	13799	17.41	1.00	12.35		0.00	0.07
127.00	12577	672.92	2.00	12.27		0.00	0.40
127.00	12313	647.76	1.00	10.48		0.00	0.23
127.00	12795	608.21	1.92	15.21		0.01	-0.16
127.00	12643	546.00	2.00	11.15		0.00	-0.02
127.00	12993	509.66	0.00	16.05		0.00	0.22
127.00	13571	506.10	2.75	13.25		-0.03	0.13
127.00	13049	474.11	1.00	15.91		0.00	-0.18
127.00	12897	439.35	2.00	11.21		0.00	-0.10
127.00	13130	380.53	2.00	13.64		0.00	-0.15
127.00	13236	358.93	0.00	16.00		0.00	0.23
127.00	13307	259.40	1.00	11.60		0.00	-0.25
127.00	13408	231.66	2.00	13.49		0.00	-0.20
127.00	13464	204.79	0.00	13.70		0.00	0.01
127.00	13565	152.31	1.00	13.60		0.00	-0.07
127.00	13642	109.35	2.00	13.01		0.00	0.15
127.00	13723	65.88	0.00	11.89		0.00	-0.13
127.00	13799	29.70	1.00	12.24		0.00	-0.02
128.00	12577	685.29	2.00	12.49		0.00	0.38
128.00	12313	658.24	1.00	10.46		0.00	0.06
128.00	12795	623.45	2.00	15.28		0.00	0.13
128.00	12643	557.14	2.00	11.11		0.00	-0.16
128.00	12993	525.70	0.00	16.03		0.00	-0.16
128.00	13571	519.27	2.32	13.08		-0.03	-0.24
128.00	13049	490.08	1.00	15.97		0.00	0.08
128.00	12897	450.50	2.00	11.08		0.00	-0.16
128.00	13130	394.24	2.00	13.77		0.00	0.07
128.00	13236	374.99	0.00	16.15		0.00	0.17
128.00	13307	271.02	1.00	11.64		0.00	-0.01
128.00	13408	245.19	2.00	13.51		0.00	-0.20
128.00	13464	218.50	0.00	13.76		0.00	0.26
128.00	13565	165.95	1.00	13.68		0.00	-0.03
128.00	13642	122.37	2.00	13.04		0.00	-0.15
128.00	13723	77.65	0.00	11.69		0.00	-0.11
128.00	13799	41.95	1.00	12.25		0.00	-0.04
129.00	12313	668.73	1.00	10.49		0.00	-0.11
129.00	12795	638.73	2.00	15.29		0.00	0.21
129.00	12643	568.21	2.00	11.06		0.00	-0.08
129.00	12993	541.70	0.00	15.96		0.00	-0.12
129.00	13571	532.33	2.04	12.98		-0.01	-0.24
129.00	13049	505.99	1.00	15.91		0.00	0.00
129.00	12897	461.56	2.00	11.06		0.00	0.13
129.00	13130	408.01	2.00	13.76		0.00	0.10
129.00	13236	391.17	0.00	16.15		0.00	-0.13
129.00	13307	282.66	1.00	11.67		0.00	0.20
129.00	13408	258.74	2.00	13.57		0.00	0.13
129.00	13464	232.28	0.00	13.80		0.00	0.12
129.00	13565	179.64	1.00	13.71		0.00	-0.02
129.00	13642	135.44	2.00	13.07		0.00	-0.16
129.00	13723	89.33	0.00	11.67		0.00	0.03
129.00	13799	54.12	1.00	12.07		0.00	-0.05
129.00	13885	12.59	2.00	12.70		0.00	0.16
130.00	12313	679.23	1.00	10.49		0.00	-0.13
130.00	12795	653.99	2.00	15.27		0.00	0.17
130.00	12643	579.22	2.00	10.93		0.00	-0.17
130.00	12993	557.69	0.00	16.02		0.00	-0.00
130.00	13571	545.21	2.00	12.79		0.00	-0.17
130.00	13049	521.89	1.00	15.85		0.00	-0.11
130.00	12897	472.58	2.00	10.98		0.00	-0.06
130.00	13130	421.73	2.00	13.72		0.00	0.12
130.00	13236	407.39	0.00	16.26		0.00	-0.15
130.00	13307	294.31	1.00	11.62		0.00	0.02
130.00	13408	272.27	2.00	13.54		0.00	-0.01
130.00	13464	246.08	0.00	13.78		0.00	-0.14
130.00	13565	193.41	1.00	13.76		0.00	0.05
130.00	13642	148.53	2.00	13.09		0.00	-0.13
130.00	13723	100.97	0.00	11.60		0.00	-0.01
130.00	13799	66.18	1.00	12.01		0.00	-0.28
130.00	13885	25.46	2.00	12.98		0.00	0.28
131.00	12313	689.67	1.00	10.44		0.00	0.22
131.00	12795	669.27	2.00	15.27		0.00	-0.24
131.00	12643	590.14	2.00	10.98		0.00	0.12
131.00	12993	573.76	0.00	16.03		0.00	-0.16
131.00	13571	557.89	2.00	12.62		0.00	0.07
131.00	13049	537.78	1.00	15.88		0.00	-0.19
131.00	12897	483.58	2.00	11.02		0.00	0.19
131.00	13130	435.38	2.00	13.61		0.00	-0.04
131.00	13236	423.67	0.00	16.32		0.00	0.21
131.00	13307	305.92	1.00	11.58		0.00	-0.20
131.00	13408	285.80	2.00	13.57		0.00	0.18
131.00	13464	259.87	0.00	13.83		0.00	0.09
131.00	13565	207.21	1.00	13.85		0.00	0.23
131.00	13642	161.61	2.00	13.07		0.00	0.10
131.00	13723	112.60	0.00	11.67		0.00	0.11
131.00	13799	78.13	1.00	11.83		0.00	-0.26
131.00	13885	38.55	2.00	13.22		0.00	0.32
132.00	12795	684.49	2.00	15.17		0.00	-0.12
132.00	12643	601.12	2.00	11.02		0.00	0.19
132.00	12993	589.81	0.00	16.10		0.00	0.27
132.00	13571	570.40	2.00	12.41		0.00	-0.38
132.00	13049	553.67	1.00	15.91		0.00	0.22
132.00	12897	494.61	2.00	11.07		0.00	0.11
132.00	13130	448.91	2.00	13.42		0.00	-0.25
132.00	13236	440.05	0.00	16.41		0.00	-0.04
132.00	13307	317.48	1.00	11.55		0.00	-0.08
132.00	13408	299.38	2.00	13.56		0.00	-0.17
132.00	13464	273.72	0.00	13.86		0.00	-0.04
132.00	13565	221.06	1.00	13.85		0.00	-0.14
132.00	13642	174.72	2.00	13.18		0.00	0.19
132.00	13723	124.21	0.00	11.54		0.00	-0.22
132.00	13799	89.97	1.00	11.83		0.00	0.07
132.00	13885	51.91	2.00	13.44		0.00	0.18
133.00	12643	612.20	2.00	11.09		0.00	-0.08
133.00	12993	605.96	0.00	16.14		0.00	-0.09
133.00	13571	582.77	2.00	12.34		0.00	-0.01
133.00	13049	569.68	1.00	16.09		0.00	0.06
133.00	12897	505.63	2.00	10.97		0.00	-0.15
133.00	13130	462.32	2.00	13.37		0.00	-0.01
133.00	13236	456.51	0.00	16.46		0.00	-0.17
133.00	13307	329.05	1.00	11.54		0.00	-0.27
133.00	13408	312.98	2.00	13.57		0.00	-0.20
133.00	13464	287.57	0.00	13.80		0.00	-0.21
133.00	13565	234.94	1.00	13.92		0.00	-0.01
133.00	13642	187.99	2.00	13.35		0.00	0.13
133.00	13723	135.74	0.00	11.49		0.00	-0.19
133.00	13799	101.78	1.00	11.78		0.00	0.03
133.00	13885	65.45	2.00	13.65		0.00	0.26
133.00	13986	12.56	0.00	12.62		0.00	-0.09
134.00	12643	623.31	2.00	11.16		0.00	0.20
134.00	12993	622.10	0.00	16.20		0.00	0.10
134.00	13571	595.02	2.00	12.16		0.00	-0.22
134.00	13049	585.75	1.00	16.10		0.00	0.11
134.00	12897	516.67	2.00	11.05		0.00	-0.13
134.00	13130	475.64	2.00	13.26		0.00	-0.12
134.00	13236	473.03	0.00	16.60		0.00	0.18
134.00	13307	340.57	1.00	11.50		0.00	0.10
134.00	13408	326.53	2.00	13.56		0.00	0.16
134.00	13464	301.42	0.00	13.81		0.00	-0.19
134.00	13565	248.88	1.00	13.97		0.00	-0.09
134.00	13642	201.39	2.00	13.42		0.00	0.14
134.00	13723	147.23	0.00	11.48		0.00	0.10
134.00	13799	113.57	1.00	11.74		0.00	-0.31
134.00	13885	79.20	2.00	13.85		0.00	0.27
134.00	13986	25.27	0.00	12.74		0.00	0.03
135.00	12993	638.35	0.00	16.30		0.00	0.16
135.00	12643	634.48	2.00	11.17		0.00	-0.13
135.00	13571	607.11	2.00	12.02		0.00	-0.25
135.00	13049	601.87	1.00	16.15		0.00	0.14
135.00	12897	527.67	2.00	10.98		0.00	0.05
135.00	13236	489.68	0.00	16.66		0.00	0.06
135.00	13130	488.89	1.98	13.24		-0.01	0.09
135.00	13307	352.11	1.00	11.54		0.00	-0.02
135.00	13408	340.07	2.00	13.47		0.00	-0.18
135.00	13464	315.24	0.00	13.85		0.00	0.18
135.00	13565	262.86	1.00	13.99		0.00	0.13
135.00	13642	214.87	2.00	13.57		0.00	0.18
135.00	13723	158.66	0.00	11.40		0.00	-0.22
135.00	13799	125.21	1.00	11.62		0.00	0.11
135.00	13885	93.12	2.00	14.00		0.00	0.28
135.00	13986	38.08	0.00	12.89		0.00	0.25
135.00	14052	5.00	2.00	12.48		0.00	-0.12
136.00	12993	654.69	0.00	16.33		0.00	-0.04
136.00	12643	645.59	2.00	11.16		0.00	0.25
136.00	13571	619.06	2.00	11.92		0.00	-0.04
136.00	13049	618.06	1.00	16.23		0.00	-0.13
136.00	12897	538.67	2.00	11.00		0.00	0.10
136.00	13236	506.36	0.00	16.68		0.00	-0.17
136.00	13130	502.18	1.76	13.34		-0.03	0.17
136.00	13307	363.60	1.00	11.46		0.00	-0.04
136.00	13408	353.56	2.00	13.48		0.00	-0.03
136.00	13464	329.07	0.00	13.78		0.00	-0.18
136.00	13565	276.84	1.00	14.04		0.00	0.17
136.00	13642	228.45	2.00	13.53		0.00	-0.25
136.00	13723	169.99	0.00	11.28		0.00	-0.21
136.00	13799	136.84	1.00	11.55		0.00	-0.24
136.00	13885	107.19	2.00	14.18		0.00	0.32
136.00	13986	50.99	0.00	13.00		0.00	0.33
136.00	14052	17.39	2.00	12.38		0.00	0.02
137.00	12993	671.03	0.00	16.39		0.00	0.13
137.00	12643	656.78	2.00	11.27		0.00	0.25
137.00	13049	634.30	1.00	16.22		0.00	-0.20
137.00	13571	630.91	2.00	11.86		0.00	0.01
137.00	12897	549.68	2.00	11.03		0.00	0.18
137.00	13236	523.14	0.00	16.81		0.00	-0.16
137.00	13130	515.57	1.32	13.41		-0.03	-0.13
137.00	13307	375.00	1.00	11.38		0.00	0.00
137.00	13408	366.97	2.00	13.35		0.00	-0.18
137.00	13464	342.81	0.00	13.75		0.00	0.04
137.00	13565	290.98	1.00	14.22		0.00	0.01
137.00	13642	241.96	2.00	13.54		0.00	0.11
137.00	13723	181.25	0.00	11.24		0.00	0.01
137.00	13799	148.36	1.00	11.54		0.00	0.01
137.00	13885	121.47	2.00	14.33		0.00	0.03
137.00	13986	64.06	0.00	13.11		0.00	0.11
137.00	14052	29.71	2.00	12.24		0.00	-0.26
138.00	12993	687.43	0.00	16.38		0.00	0.04
138.00	12643	667.99	2.00	11.16		0.00	-0.00
138.00	13049	650.52	1.00	16.19		0.00	-0.22
138.00	13571	642.75	2.00	11.74		0.00	-0.36
138.00	12897	560.69	2.00	11.04		0.00	0.13
138.00	13236	539.92	0.00	16.79		0.00	0.20
138.00	13130	529.06	1.04	13.53		-0.01	-0.05
138.00	13307	386.37	1.00	11.36		0.00	-0.13
138.00	13408	380.34	2.00	13.41		0.00	0.05
138.00	13464	356.63	0.00	13.87		0.00	0.20
138.00	13565	305.20	1.00	14.22		0.00	0.04
138.00	13642	255.51	2.00	13.53		0.00	-0.18
138.00	13723	192.50	0.00	11.24		0.00	-0.10
138.00	13799	159.86	1.00	11.43		0.00	-0.28
138.00	13885	135.83	2.00	14.45		0.00	0.30
138.00	13986	77.23	0.00	13.22		0.00	0.07
138.00	14052	41.85	2.00	12.13		0.00	0.01
139.00	12643	679.18	2.00	11.21		0.00	0.13
139.00	13049	666.74	1.00	16.23		0.00	-0.13
139.00	13571	654.50	2.00	11.84		0.00	0.38
139.00	12897	571.73	2.00	11.11		0.00	0.16
139.00	13236	556.74	0.00	16.78		0.00	-0.08
139.00	13130	542.60	1.00	13.56		0.00	0.18
139.00	13307	397.65	1.00	11.18		0.00	-0.15
139.00	13408	393.75	2.00	13.40		0.00	-0.12
139.00	13464	370.52	0.00	13.83		0.00	-0.13
139.00	13565	319.41	1.00	14.19		0.00	-0.11
139.00	13642	269.03	2.00	13.50		0.00	0.05
139.00	13723	203.74	0.00	11.24		0.00	-0.06
139.00	13799	171.28	1.00	11.38		0.00	-0.04
139.00	13885	150.30	2.00	14.52		0.00	0.02
139.00	13986	90.47	0.00	13.31		0.00	0.12
139.00	14052	53.94	2.00	12.09		0.00	0.08
139.00	14153	5.00	1.00	12.52		0.00	0.08
140.00	12643	690.36	2.00	11.22		0.00	0.15
140.00	13049	682.91	1.00	16.09		0.00	-0.13
140.00	13571	666.37	1.88	11.90		-0.02	0.08
140.00	12897	582.81	2.00	11.05		0.00	-0.04
140.00	13236	573.54	0.00	16.77		0.00	-0.15
140.00	13130	556.15	1.00	13.51		0.00	-0.20
140.00	13307	408.87	1.00	11.26		0.00	-0.09
140.00	13408	407.15	2.00	13.40		0.00	-0.09
140.00	13464	384.35	0.00	13.86		0.00	0.26
140.00	13565	333.62	1.00	14.17		0.00	-0.16
140.00	13642	282.52	2.00	13.44		0.00	-0.10
140.00	13723	214.95	0.00	11.14		0.00	-0.12
140.00	13799	182.61	1.00	11.28		0.00	-0.16
140.00	13885	164.86	2.00	14.61		0.00	0.11
140.00	13986	103.86	0.00	13.45		0.00	0.30
140.00	14052	66.02	2.00	12.09		0.00	-0.11
140.00	14153	17.55	1.00	12.64		0.00	0.37
141.00	13571	678.41	1.50	12.11		-0.04	0.04
141.00	12897	593.91	2.00	11.18		0.00	0.08
141.00	13236	590.36	0.00	16.83		0.00	-0.04
141.00	13130	569.69	1.00	13.52		0.00	-0.12
141.00	13408	420.56	2.00	13.45		0.00	0.04
141.00	13307	420.14	1.00	11.25		0.00	-0.00
141.00	13464	398.21	0.00	13.84		0.00	-0.09
141.00	13565	347.74	1.00	14.09		0.00	0.06
141.00	13642	296.02	2.00	13.49		0.00	-0.20
141.00	13723	226.06	0.00	11.03		0.00	-0.19
141.00	13799	193.92	1.00	11.32		0.00	-0.06
141.00	13885	179.54	2.00	14.75		0.00	0.20
141.00	13986	117.29	0.00	13.45		0.00	-0.00
141.00	14052	78.09	2.00	11.99		0.00	-0.12
141.00	14153	30.30	1.00	12.84		0.00	0.06
142.00	13571	690.65	1.13	12.35		-0.02	0.15
142.00	13236	607.18	0.00	16.81		0.00	-0.10
142.00	12897	605.11	2.00	11.18		0.00	-0.09
142.00	13130	583.24	1.00	13.62		0.00	0.11
142.00	13408	434.06	2.00	13.50		0.00	-0.04
142.00	13307	431.39	1.00	11.25		0.00	0.03
142.00	13464	412.03	0.00	13.77		0.00	-0.17
142.00	13565	361.86	1.00	14.12		0.00	-0.06
142.00	13642	309.58	2.00	13.60		0.00	-0.08
142.00	13723	237.03	0.00	10.95		0.00	0.05
142.00	13799	205.32	1.00	11.45		0.00	0.06
142.00	13885	194.35	2.00	14.83		0.00	0.03
142.00	13986	130.76	0.00	13.52		0.00	0.17
142.00	14052	89.98	2.00	11.85		0.00	-0.12
142.00	14153	43.26	1.00	13.13		0.00	0.35
142.00	14220	10.02	0.00	12.59		0.00	0.17
143.00	13236	624.03	0.00	16.84		0.00	-0.16
143.00	12897	616.20	2.00	11.06		0.00	-0.01
143.00	13130	596.93	1.00	13.71		0.00	-0.13
143.00	13408	447.56	2.00	13.53		0.00	-0.11
143.00	13307	442.66	1.00	11.29		0.00	0.11
143.00	13464	425.76	0.00	13.70		0.00	0.01
143.00	13565	376.01	1.00	14.24		0.00	0.21
143.00	13642	323.19	2.00	13.63		0.00	0.12
143.00	13723	247.96	0.00	10.95		0.00	0.19
143.00	13799	216.76	1.00	11.41		0.00	-0.24
143.00	13885	209.17	2.00	14.84		0.00	0.01
143.00	13986	144.32	0.00	13.61		0.00	0.10
143.00	14052	101.74	2.00	11.75		0.00	0.05
143.00	14153	56.45	1.00	13.27		0.00	0.16
143.00	14220	22.74	0.00	12.83		0.00	0.33
144.00	13236	640.85	0.00	16.78		0.00	-0.16
144.00	12897	627.21	2.00	10.93		0.00	-0.21
144.00	13130	610.65	1.00	13.74		0.00	0.05
144.00	13408	461.12	2.00	13.55		0.00	-0.21
144.00	13307	453.98	1.00	11.31		0.00	-0.01
144.00	13464	439.52	0.00	13.83		0.00	0.27
144.00	13565	390.26	1.00	14.32		0.00	0.17
144.00	13642	336.79	2.00	13.60		0.00	-0.03
144.00	13723	258.83	0.00	10.87		0.00	0.20
144.00	13799	228.20	1.00	11.45		0.00	0.06
144.00	13885	224.05	2.00	14.95		0.00	0.21
144.00	13986	157.93	0.00	13.64		0.00	0.07
144.00	14052	113.52	2.00	11.78		0.00	0.15
144.00	14153	69.86	1.00	13.52		0.00	0.38
144.00	14220	35.68	0.00	12.99		0.00	-0.04